0,0,0
-0.22032088749087,0.0102342739329816,0.0159988510230653
-0.803517063060071,0.0229013555333959,-0.0233235357967432
-1.92224313094139,0.0112047044809203,-0.104116976035446
-2.53023668910287,-0.0527823730877663,-0.10217214948945
-2.65131524134576,-0.155118048676733,0.00648809409989185
-2.58144315116982,-0.186349356237681,0.10655534302373
-2.42665274403034,-0.188946561802028,0.105957580095583
-2.32877672184553,-0.175650669105322,0.088100596057331
-2.36560799098717,-0.143286444775063,0.108308702048324
-2.42240588320859,-0.116083128586573,0.131414744325859
-2.39961561840099,-0.102212915950759,-0.0121261539890249
-2.4851173930096,-0.0552236254965393,-0.142743110464438
-2.52976047405568,-0.00554209273582235,-0.273906348445954
-2.39904253769946,0.00839629344362484,-0.377029442841686
-2.33110113770665,0.00978897352614134,-0.420250643663358
-2.4535876982338,0.0163295225826422,-0.448033704023746
-2.83157371469747,0.0261483798974295,-0.450404248658537
-3.03479193652897,0.0272554588290477,-0.380729561122467
-2.55735318562899,0.0192407705336471,-0.239969062973353
-1.68845657099566,0.0160858287986743,-0.0825511549494633
-1.31753110448495,0.0206675943334865,-0.00220154297388304
-1.16955632207585,0.023234845687919,0.00259043163006186
-1.06515220318644,0.0286263346165867,-0.0712588211613438
-1.02170122546445,0.115242383931404,-0.175684046982891
-1.08103996008213,0.186616060694935,-0.212363685945265
-1.2708007392043,0.181699312134875,-0.169985592839082
-1.40872558667459,0.168462311459395,-0.161793055457856
-1.46613503005516,0.167841308524016,-0.177542683480185
-1.44514588798978,0.192426559485877,-0.242535058237986
-1.47110985272303,0.230115656594563,-0.342133298443423
-1.63027437592741,0.249077881931819,-0.516900531166897
-1.71452987478584,0.257720852849347,-0.704594547636076
-1.6797463969319,0.249290952881218,-0.830258744239714
-1.75664675114653,0.239202727191036,-0.869939173219134
-1.93433465904072,0.157166285556534,-0.920504245643182
-2.05148758359647,0.161746713739501,-0.981202219759776
-2.13376988709215,0.135889029437475,-0.690770350248913
-2.31953752809712,-0.0181324986182659,-0.502523475841665
-2.54494412853334,-0.00865867079444702,-0.319592722707951
-2.73415298574211,0.00110887411261339,-0.220229097231687
-2.78245790555037,0.0153788522618098,-0.0876883321055
-2.71540361945947,0.0504101820321054,-0.00609154015718369
-2.6034855379105,0.0852181132280903,0.0750522740959622
-2.63782854860668,0.120362621371867,0.146283434740906
3.08499263091711,0.154199847891936,0.177416154600203
2.62779057608928,0.18783453348273,0.171833518838231
2.36778941018214,0.224752811057197,0.174498385845236
2.13858033057998,0.244503233373668,0.137207848042952
2.0394396686877,0.148050121723007,-0.699391560307309
1.90874317514879,0.12036787374948,-0.690381860237198
1.3052950963064,0.109851654692546,-0.68347152216938
1.01418645783538,0.100603191964589,-0.729040967939803
0.382168979242095,0.10425150822219,-0.814912257534605
-0.355709900358498,0.138390488945163,-0.885122816463648
-0.461285839894109,0.173362484667153,-0.905756962735172
-0.319902152139246,0.176520962695516,-0.873743532339295
-0.0311014409867564,0.152583379479077,-0.865422356600644
0.331747547274179,0.0985076979970586,-0.892345911598652
-0.575272704709727,0.0014322879558988,-0.916899107087626
-1.06924303515761,-0.0882036356533738,-0.933682918593921
-0.990794043926346,-0.114753008481059,-0.919698679612443
-1.19512580355345,-0.134255373273007,-0.896338437892566
-1.93252240149246,-0.201977814634814,-1.01550745101249
-2.66294200428818,-0.167933552532907,-0.652725114869188
-2.80359181141911,-0.18567640882874,-0.513449719489079
-2.73633783768381,-0.192217911614536,-0.433175127576622
-2.58849734585727,-0.206684070512036,-0.208612645193628
-2.60284996920336,-0.22790414568261,0.215511933100488
-2.63994771398847,-0.246443765451229,0.314688472810737
-2.62600832805893,-0.261176402927099,0.351110387900382
-2.62601983022161,-0.248320881976345,0.383941627041278
-2.66321474483451,-0.239323722100808,0.438983862707391
-2.80496051266149,-0.222234990803881,0.489717486580329
-2.82293730625165,-0.214100524539379,0.454536765559845
-2.75783592815406,-0.211220167568563,0.229546973741829
-2.6966336683322,-0.210565052242639,-0.00388447654618554
-2.62867192542312,-0.209778217229552,-0.0829074959121826
-2.58710668845146,-0.196605931530286,-0.0966065466430069
-2.55585086385697,-0.165282697165429,-0.0944740096370825
-2.42749847450579,-0.134548937378966,-0.129174504779514
-2.17052285599135,-0.12156469946042,-0.335067309973369
-1.39945021611247,-0.132757745562012,-0.466739273427868
-0.858515043225665,-0.181181874958728,-0.25144778596896
-0.442932027226692,-0.209168471391351,0.111298409486989
-0.304306969106131,-0.193421540367766,0.177359290273204
-0.25534018814588,-0.148713990635769,0.266923727616925
-0.0258856589707832,-0.164955624083905,0.421078465767492
0.486362609547874,-0.244981457494486,0.35742169120467
0.979223392974477,-0.22787128908021,-0.155388233236057
1.29553890166913,-0.211963903941806,-0.15575559104134
1.40573851030659,-0.181003555079076,-0.0828684688818276
1.33559066831935,-0.135261864349096,0.0141922851065968
1.16523967154338,-0.186589631244542,0.0563292595349667
1.04010718965683,-0.199584049443561,0.110961365166735
0.904237089240021,-0.196526124804904,0.122511450522077
0.800361541579156,-0.171464528112802,0.176884691590886
1.12435793594155,-0.140894323848395,0.204685130221311
1.45885216009014,-0.12636792518315,0.108257294919492
1.62440471830744,-0.060984759834497,-0.211591264489149
2.58900936663936,0.0134660591824565,-0.407688888502817
-3.03763488392297,0.0115223206813351,-0.728016178791095
-2.82862336749047,0.0129528377508446,-1.0063972206177
-2.60530471490489,0.0495898619841542,-0.93314615885068
-2.41414816150168,0.162205880519874,-0.763386219665985
-2.3127227282651,0.172110917634576,-0.630394987415348
-2.01910179963413,0.154059219061274,-0.555735279087046
-1.37681296796422,0.135902687779603,-0.511388727073322
0.319962972417316,0.103477286410457,-0.531987696413422
1.31212764426926,-0.088574798016456,-0.573297264184608
1.54637984436978,-0.102610118940852,-0.560413201485768
1.64596046655355,-0.0992310500844467,-0.450927474729742
1.62212674764741,-0.0984282564556135,-0.328029762179569
1.56288591835153,-0.108037672981899,-0.186516451278842
1.59389971920821,-0.116366649643931,-0.0822457580142859
1.63445143359802,-0.0911546772444945,-0.0843332507596779
1.48890247287171,-0.0401534507507398,-0.111227270404233
1.31389105522605,-0.0159972619212234,-0.148888747213168
1.24295008803294,-0.00253625999169873,-0.211437375538548
1.1565293935927,-0.00559094033896963,-0.42912476997172
0.90478114571288,-0.0113869721478821,-0.725029719630953
0.655109216387615,-0.00433524607684811,-0.750544030363246
0.694340427027471,0.00915851135539506,-0.651455794551709
0.733831520151571,0.0144028943002834,-0.643457910525527
0.573141714695942,0.00919812805039851,-0.652952689839531
0.58692407027603,-0.0155068004756878,-0.655211747457804
0.667076997142003,-0.0461532154896458,-0.666754508258172
0.691593115991316,-0.0746295086261705,-0.699710073331998
0.719500037538244,-0.00780857581592601,-0.743333845506743
0.398431474856887,0.059800319342304,-0.788626454425784
-1.22128926147255,0.0748796834887247,-0.807095572945076
-1.89586481103341,0.0984558390591234,-0.779428078445866
-1.85205640858314,0.147690442971406,-0.754110093794317
-1.71306188008597,0.221579153372364,-0.770813505002653
-1.55681582987061,0.261564896745453,-0.792220832632298
-1.52109335095769,0.25958345271615,-0.789999413872711
-1.46900401622669,0.243284909685882,-0.690031445734887
-1.32586221022031,0.226020123588681,-0.530962947009949
-1.09057862078837,0.20629310539886,-0.437502196968486
-0.862193906142347,0.181758616753708,-0.37882537475552
-0.735466304569141,0.163661006473796,-0.346184471734169
-0.69922097747314,0.175242347760164,-0.365010891267516
-0.658707540444448,0.226140275155453,-0.394118988742573
-0.5172109968543,0.253573510869897,-0.331978603625956
-0.399735208427755,0.250854384369967,-0.255992984123075
-0.458574720593075,0.231219100155768,-0.207569304309833
-0.518504313364741,0.216756919290691,-0.0281822676548127
-0.338989609054107,0.207138935999049,0.087362594309541
0.221027250457374,0.201200564654407,-0.0871124910391129
0.590859954355221,0.193486108051988,-0.185690168406492
0.721838058122437,0.182049734596533,-0.278825035927838
0.753389067889392,0.166627897041538,-0.305503736682068
0.944017725111254,0.144483795762373,-0.314327068537446
1.24444938403236,0.132686382603357,-0.38543856863708
1.46918160447653,0.131799681438523,-0.505523066179942
1.59104725011977,0.134009996050894,-0.610503787951181
1.71049606442575,0.131719776026258,-0.672116494086392
1.90416282598801,0.125468826294884,-0.670051582419423
2.7579293502799,0.116491647809813,-0.624976048980164
-3.0492529229495,0.106744206877538,-0.581578181333207
-2.90560047532832,0.0975863774442347,-0.551489167335756
-2.75391280082956,0.0886911310506838,-0.552596477315598
-2.68555183777603,0.0787457898782112,-0.586616311150264
-2.78952352516476,0.0634171071909836,-0.624881794826896
2.94224982257879,0.0421510457536073,-0.609660183241528
2.88310284947299,0.0220618932813845,-0.535701887582091
2.9316961915852,-0.000857494953537137,-0.482901721930451
2.80248168399005,-0.0346548441692815,-0.483860837015494
2.54295867144691,-0.0415473728273348,-0.561829540569912
2.32389785835928,-0.00408640129739943,-0.648326628079481
2.17882383184766,0.0225953693210592,-0.69562900836075
2.05329746141923,0.0527422399650424,-0.785238766005991
1.91247015906529,0.119261278026085,-0.82860584021417
1.85010181749798,0.178385927367226,-0.78911138933044
1.89416235718653,0.181647514913122,-0.754103922644911
2.03387005536638,0.166623605136399,-0.738920956678064
2.29778214727985,0.165564282765804,-0.739900035730619
2.45880467706303,0.176499082248257,-0.796148987592698
2.16934679913373,0.17938641905766,-0.894906533728997
1.77929497779952,0.174891873556073,-1.00775107950126
1.6938528908608,0.161280165021487,-1.03141071429175
1.78303707726739,0.144442624131204,-1.02060923476319
1.99527569727304,0.127862581731734,-0.990424908486244
2.199829281242,0.121905562313636,-0.935996422192714
2.28072610836174,0.120098034544612,-0.883447731893934
2.11817891184292,0.119915875600617,-0.87723315975764
1.81332128020588,0.121113872319972,-0.901152651237342
1.56525103630714,0.12898495228233,-0.918020723119373
1.36674311748606,0.148328050157507,-0.90942635989311
1.18433406908016,0.192028651668564,-0.912159857327097
1.05240118990493,0.240875098825145,-0.892967215433639
0.970733914410644,0.247843262108066,-0.856115075709799
0.857787384314676,0.243295948155483,-0.841372693139388
0.733342555516346,0.245476725209963,-0.850304092834728
0.743766501828282,0.210504174525953,-0.835121587328979
1.04347091519914,0.205726849646804,-0.78588372731418
1.41106473960486,0.222090861068473,-0.7875933483108
1.85050831614907,0.226851582331975,-0.802968068788547
2.15585839371402,0.209125025729587,-0.806543948825434
2.26166396815863,0.184053972838036,-0.80129482461175
