6
6.29144e-08,6.89799e-08,6.89799e-08,6.60168e-08,6.41734e-08,6.60168e-08
-93.5222,-104.322,-104.322,-103.94,-103.694,-103.94
0,3.14159,3.14159,3.14159,3.14159,3.14159
95.4725,94.99,94.99,95.2146,102.601,95.2146
64.7989,292.834,67.1663,120.466,64.7989,59.5345
84.5275,85.01,85.01,84.7854,102.601,84.7854
244.799,247.166,112.834,239.534,244.799,300.466
6
6.21649e-08,6.82155e-08,6.97458e-08,6.53029e-08,6.34387e-08,6.53029e-08
-93.4181,-104.225,-104.418,-103.846,-103.594,-103.846
0,3.14159,3.14159,3.14159,3.14159,3.14159
95.5387,95.0461,94.9351,95.2717,102.749,95.2717
64.4703,293.106,67.433,120.838,64.4703,59.1622
84.4613,84.9539,85.0649,84.7283,102.749,84.7283
244.47,246.894,112.567,239.162,244.47,300.838
6
6.14175e-08,6.74529e-08,7.05132e-08,6.45919e-08,6.27065e-08,6.45919e-08
-93.3131,-104.127,-104.513,-103.751,-103.493,-103.751
0,3.14159,3.14159,3.14159,3.14159,3.14159
95.6063,95.1033,94.8812,95.3299,102.901,95.3299
64.1336,293.385,67.6938,121.218,64.1336,58.7816
84.3937,84.8967,85.1188,84.6701,102.901,84.6701
244.134,246.615,112.306,238.782,244.134,301.218
6
6.06724e-08,6.66919e-08,7.12821e-08,6.38838e-08,6.19769e-08,6.38838e-08
-93.207,-104.029,-104.607,-103.655,-103.392,-103.655
0,3.14159,3.14159,3.14159,3.14159,3.14159
95.6754,95.1617,94.8284,95.3892,103.055,95.3892
63.7886,293.671,67.9489,121.608,63.7886,58.3925
84.3246,84.8383,85.1716,84.6108,103.055,84.6108
243.789,246.329,112.051,238.392,243.789,301.608
6
5.99296e-08,6.59326e-08,7.20525e-08,6.31788e-08,6.12499e-08,6.31788e-08
-93.1,-103.929,-104.7,-103.559,-103.289,-103.559
0,3.14159,3.14159,3.14159,3.14159,3.14159
95.7459,95.2213,94.7767,95.4495,103.213,95.4495
63.4349,293.962,68.1986,122.005,63.4349,57.9946
84.2541,84.7787,85.2233,84.5505,103.213,84.5505
243.435,246.038,111.801,237.995,243.435,302.005
6
5.91892e-08,6.51752e-08,7.28242e-08,6.24769e-08,6.05257e-08,6.24769e-08
-92.9921,-103.829,-104.793,-103.462,-103.186,-103.462
0,3.14159,3.14159,3.14159,3.14159,3.14159
95.8181,95.2821,94.726,95.5109,103.374,95.5109
63.0723,294.261,68.4429,122.412,63.0723,57.5877
84.1819,84.7179,85.274,84.4891,103.374,84.4891
243.072,245.739,111.557,237.588,243.072,302.412
6
5.84513e-08,6.44196e-08,7.35973e-08,6.17783e-08,5.98043e-08,6.17783e-08
-92.8831,-103.728,-104.884,-103.364,-103.082,-103.364
0,3.14159,3.14159,3.14159,3.14159,3.14159
95.8918,95.3442,94.6762,95.5734,103.538,95.5734
62.7004,294.567,68.6821,122.829,62.7004,57.1715
84.1082,84.6558,85.3238,84.4266,103.538,84.4266
242.7,245.433,111.318,237.171,242.7,302.829
6
5.7716e-08,6.3666e-08,7.43716e-08,6.1083e-08,5.90859e-08,6.1083e-08
-92.7731,-103.625,-104.975,-103.266,-102.977,-103.266
0,3.14159,3.14159,3.14159,3.14159,3.14159
95.9671,95.4077,94.6274,95.6371,103.706,95.6371
62.3189,294.88,68.9162,123.254,62.3189,56.7456
84.0329,84.5923,85.3726,84.3629,103.706,84.3629
242.319,245.12,111.084,236.746,242.319,303.254
6
5.69834e-08,6.29144e-08,7.51473e-08,6.03913e-08,5.83705e-08,6.03913e-08
-92.6622,-103.522,-105.065,-103.167,-102.871,-103.167
0,3.14159,3.14159,3.14159,3.14159,3.14159
96.0441,95.4725,94.5796,95.7019,103.878,95.7019
61.9275,295.201,69.1455,123.69,61.9275,56.3099
83.9559,84.5275,85.4204,84.2981,103.878,84.2981
241.928,244.799,110.854,236.31,241.928,303.69
6
5.62536e-08,6.21649e-08,7.59241e-08,5.97032e-08,5.76582e-08,5.97032e-08
-92.5502,-103.418,-105.155,-103.067,-102.764,-103.067
0,3.14159,3.14159,3.14159,3.14159,3.14159
96.1228,95.5387,94.5326,95.7678,104.052,95.7678
61.5258,295.53,69.3701,124.136,61.5258,55.8641
83.8772,84.4613,85.4674,84.2322,104.052,84.2322
241.526,244.47,110.63,235.864,241.526,304.136
6
5.55268e-08,6.14175e-08,7.67022e-08,5.90188e-08,5.69493e-08,5.90188e-08
-92.4373,-103.313,-105.243,-102.967,-102.657,-102.967
0,3.14159,3.14159,3.14159,3.14159,3.14159
96.2033,95.6063,94.4865,95.8349,104.231,95.8349
61.1134,295.866,69.5901,124.592,61.1134,55.4077
83.7967,84.3937,85.5135,84.1651,104.231,84.1651
241.113,244.134,110.41,235.408,241.113,304.592
6
5.48029e-08,6.06724e-08,7.74814e-08,5.83383e-08,5.62438e-08,5.83383e-08
-92.3233,-103.207,-105.331,-102.866,-102.549,-102.866
0,3.14159,3.14159,3.14159,3.14159,3.14159
96.2855,95.6754,94.4413,95.9032,104.413,95.9032
60.69,296.211,69.8057,125.059,60.69,54.9406
83.7145,84.3246,85.5587,84.0968,104.413,84.0968
240.69,243.789,110.194,234.941,240.69,305.059
6
5.40822e-08,5.99296e-08,7.82617e-08,5.76618e-08,5.55418e-08,5.76618e-08
-92.2083,-103.1,-105.418,-102.765,-102.44,-102.765
0,3.14159,3.14159,3.14159,3.14159,3.14159
96.3696,95.7459,94.3969,95.9727,104.6,95.9727
60.2551,296.565,70.0169,125.538,60.2551,54.4623
83.6304,84.2541,85.6031,84.0273,104.6,84.0273
240.255,243.435,109.983,234.462,240.255,305.538
6
5.33648e-08,5.91892e-08,7.90431e-08,5.69895e-08,5.48435e-08,5.69895e-08
-92.0923,-102.992,-105.504,-102.663,-102.33,-102.663
0,3.14159,3.14159,3.14159,3.14159,3.14159
96.4556,95.8181,94.3534,96.0434,104.79,96.0434
59.8084,296.928,70.2239,126.027,59.8084,53.9726
83.5444,84.1819,85.6466,83.9566,104.79,83.9566
239.808,243.072,109.776,233.973,239.808,306.027
6
5.26508e-08,5.84513e-08,7.98255e-08,5.63215e-08,5.4149e-08,5.63215e-08
-91.9753,-102.883,-105.59,-102.561,-102.219,-102.561
0,3.14159,3.14159,3.14159,3.14159,3.14159
96.5435,95.8918,94.3106,96.1154,104.984,96.1154
59.3493,297.3,70.4269,126.529,59.3493,53.4711
83.4565,84.1082,85.6894,83.8846,104.984,83.8846
239.349,242.7,109.573,233.471,239.349,306.529
6
5.19404e-08,5.7716e-08,8.0609e-08,5.56579e-08,5.34584e-08,5.56579e-08
-91.8573,-102.773,-105.675,-102.458,-102.108,-102.458
0,3.14159,3.14159,3.14159,3.14159,3.14159
96.6334,95.9671,94.2687,96.1886,105.182,96.1886
58.8775,297.681,70.6259,127.042,58.8775,52.9575
83.3666,84.0329,85.7313,83.8114,105.182,83.8114
238.878,242.319,109.374,232.958,238.878,307.042
6
5.12337e-08,5.69834e-08,8.13934e-08,5.4999e-08,5.2772e-08,5.4999e-08
-91.7383,-102.662,-105.759,-102.354,-101.995,-102.354
0,3.14159,3.14159,3.14159,3.14159,3.14159
96.7254,96.0441,94.2275,96.263,105.384,96.263
58.3925,298.072,70.821,127.569,58.3925,52.4314
83.2746,83.9559,85.7725,83.737,105.384,83.737
238.392,241.928,109.179,232.431,238.392,307.569
6
5.05308e-08,5.62536e-08,8.21788e-08,5.43448e-08,5.20899e-08,5.43448e-08
-91.6183,-102.55,-105.842,-102.25,-101.882,-102.25
0,3.14159,3.14159,3.14159,3.14159,3.14159
96.8194,96.1228,94.187,96.3387,105.591,96.3387
57.8937,298.474,71.0124,128.108,57.8937,51.8924
83.1806,83.8772,85.813,83.6613,105.591,83.6613
237.894,241.526,108.988,231.892,237.894,308.108
6
4.98319e-08,5.55268e-08,8.29652e-08,5.36956e-08,5.14123e-08,5.36956e-08
-91.4974,-102.437,-105.925,-102.146,-101.769,-102.146
0,3.14159,3.14159,3.14159,3.14159,3.14159
96.9155,96.2033,94.1472,96.4157,105.802,96.4157
57.3808,298.887,71.2001,128.66,57.3808,51.3402
83.0845,83.7967,85.8528,83.5843,105.802,83.5843
237.381,241.113,108.8,231.34,237.381,308.66
6
4.91373e-08,5.48029e-08,8.37524e-08,5.30516e-08,5.07393e-08,5.30516e-08
-91.3754,-102.323,-106.007,-102.041,-101.654,-102.041
0,3.14159,3.14159,3.14159,3.14159,3.14159
97.0137,96.2855,94.1082,96.4939,106.017,96.4939
56.853,299.31,71.3843,129.226,56.853,50.7743
82.9863,83.7145,85.8918,83.5061,106.017,83.5061
236.853,240.69,108.616,230.774,236.853,309.226
6
4.8447e-08,5.40822e-08,8.45406e-08,5.24129e-08,5.00711e-08,5.24129e-08
-91.2526,-102.208,-106.089,-101.936,-101.539,-101.936
0,3.14159,3.14159,3.14159,3.14159,3.14159
97.1142,96.3696,94.0698,96.5734,106.236,96.5734
56.3099,299.745,71.5651,129.806,56.3099,50.1944
82.8858,83.6304,85.9302,83.4266,106.236,83.4266
236.31,240.255,108.435,230.194,236.31,309.806
6
4.77613e-08,5.33648e-08,8.53296e-08,5.17797e-08,4.94079e-08,5.17797e-08
-91.1287,-102.092,-106.169,-101.83,-101.423,-101.83
0,3.14159,3.14159,3.14159,3.14159,3.14159
97.2168,96.4556,94.0321,96.6541,106.461,96.6541
55.751,300.192,71.7424,130.4,55.751,49.6001
82.7832,83.5444,85.9679,83.3459,106.461,83.3459
235.751,239.808,108.258,229.6,235.751,310.4
6
4.70803e-08,5.26508e-08,8.61194e-08,5.11523e-08,4.87499e-08,5.11523e-08
-91.004,-101.975,-106.249,-101.725,-101.307,-101.725
0,3.14159,3.14159,3.14159,3.14159,3.14159
97.3218,96.5435,93.9951,96.7361,106.689,96.7361
55.1755,300.651,71.9166,131.009,55.1755,48.9909
82.6782,83.4565,86.0049,83.2639,106.689,83.2639
235.176,239.349,108.083,228.991,235.176,311.009
6
4.64043e-08,5.19404e-08,8.69101e-08,5.05308e-08,4.80974e-08,5.05308e-08
-90.8784,-101.857,-106.329,-101.618,-101.19,-101.618
0,3.14159,3.14159,3.14159,3.14159,3.14159
97.429,96.6334,93.9587,96.8194,106.922,96.8194
54.5829,301.122,72.0875,131.634,54.5829,48.3665
82.571,83.3666,86.0413,83.1806,106.922,83.1806
234.583,238.878,107.913,228.366,234.583,311.634
6
4.57335e-08,5.12337e-08,8.77015e-08,4.99155e-08,4.74506e-08,4.99155e-08
-90.7519,-101.738,-106.407,-101.512,-101.072,-101.512
0,3.14159,3.14159,3.14159,3.14159,3.14159
97.5386,96.7254,93.9229,96.9038,107.16,96.9038
53.9726,301.608,72.2553,132.274,53.9726,47.7263
82.4614,83.2746,86.0771,83.0962,107.16,83.0962
233.973,238.392,107.745,227.726,233.973,312.274
6
4.50682e-08,5.05308e-08,8.84937e-08,4.93066e-08,4.68096e-08,4.93066e-08
-90.6246,-101.618,-106.485,-101.405,-100.954,-101.405
0,3.14159,3.14159,3.14159,3.14159,3.14159
97.6506,96.8194,93.8877,96.9895,107.403,96.9895
53.3439,302.106,72.4201,132.93,53.3439,47.07
82.3494,83.1806,86.1123,83.0105,107.403,83.0105
233.344,237.894,107.58,227.07,233.344,312.93
6
4.44085e-08,4.98319e-08,8.92867e-08,4.87043e-08,4.61748e-08,4.87043e-08
-90.4965,-101.497,-106.563,-101.299,-100.835,-101.299
0,3.14159,3.14159,3.14159,3.14159,3.14159
97.7649,96.9155,93.8531,97.0764,107.65,97.0764
52.6961,302.619,72.582,133.603,52.6961,46.3972
82.2351,83.0845,86.1469,82.9236,107.65,82.9236
232.696,237.381,107.418,226.397,232.696,313.603
6
4.37547e-08,4.91373e-08,9.00804e-08,4.8109e-08,4.55464e-08,4.8109e-08
-90.3677,-101.375,-106.64,-101.192,-100.716,-101.192
0,3.14159,3.14159,3.14159,3.14159,3.14159
97.8817,97.0137,93.8191,97.1644,107.901,97.1644
52.0284,303.147,72.741,134.293,52.0284,45.7073
82.1183,82.9863,86.1809,82.8356,107.901,82.8356
232.028,236.853,107.259,225.707,232.028,314.293
6
4.31071e-08,4.8447e-08,9.08748e-08,4.75208e-08,4.49246e-08,4.75208e-08
-90.2382,-101.253,-106.716,-101.085,-100.597,-101.085
0,3.14159,3.14159,3.14159,3.14159,3.14159
98.0009,97.1142,93.7857,97.2536,108.158,97.2536
51.3402,303.69,72.8973,135,51.3402,45
81.9991,82.8858,86.2143,82.7464,108.158,82.7464
231.34,236.31,107.103,225,231.34,315
6
4.2466e-08,4.77613e-08,9.16698e-08,4.694e-08,4.43098e-08,4.694e-08
-90.108,-101.129,-106.792,-100.978,-100.477,-100.978
0,3.14159,3.14159,3.14159,3.14159,3.14159
98.1225,97.2168,93.7528,97.3438,108.419,97.3438
50.6307,304.249,73.0508,135.725,50.6307,44.2748
81.8775,82.7832,86.2472,82.6562,108.419,82.6562
230.631,235.751,106.949,224.275,230.631,315.725
6
4.18317e-08,4.70803e-08,9.24656e-08,4.63669e-08,4.37023e-08,4.63669e-08
-89.9773,-101.004,-106.867,-100.871,-100.357,-100.871
0,3.14159,3.14159,3.14159,3.14159,3.14159
98.2465,97.3218,93.7205,97.4351,108.684,97.4351
49.8991,304.824,73.2016,136.469,49.8991,43.5312
81.7535,82.6782,86.2795,82.5649,108.684,82.5649
229.899,235.176,106.798,223.531,229.899,316.469
6
4.12044e-08,4.64043e-08,9.3262e-08,4.58018e-08,4.31023e-08,4.58018e-08
-89.8461,-100.878,-106.941,-100.765,-100.237,-100.765
0,3.14159,3.14159,3.14159,3.14159,3.14159
98.3729,97.429,93.6887,97.5273,108.954,97.5273
49.1446,305.417,73.3499,137.231,49.1446,42.7688
81.6271,82.571,86.3113,82.4727,108.954,82.4727
229.145,234.583,106.65,222.769,229.145,317.231
6
4.05846e-08,4.57335e-08,9.40591e-08,4.5245e-08,4.25101e-08,4.5245e-08
-89.7145,-100.752,-107.015,-100.659,-100.117,-100.659
0,3.14159,3.14159,3.14159,3.14159,3.14159
98.5017,97.5386,93.6574,97.6205,109.228,97.6205
48.3665,306.027,73.4956,138.013,48.3665,41.9872
81.4983,82.4614,86.3426,82.3795,109.228,82.3795
228.366,233.973,106.504,221.987,228.366,318.013
6
3.99726e-08,4.50682e-08,9.48568e-08,4.46968e-08,4.19262e-08,4.46968e-08
-89.5825,-100.625,-107.089,-100.553,-99.9969,-100.553
0,3.14159,3.14159,3.14159,3.14159,3.14159
98.6329,97.6506,93.6266,97.7145,109.507,97.7145
47.5638,306.656,73.6389,138.814,47.5638,41.1859
81.3671,82.3494,86.3734,82.2855,109.507,82.2855
227.564,233.344,106.361,221.186,227.564,318.814
6
3.93686e-08,4.44085e-08,9.56551e-08,4.41575e-08,4.13508e-08,4.41575e-08
-89.4502,-100.497,-107.161,-100.447,-99.8769,-100.447
0,3.14159,3.14159,3.14159,3.14159,3.14159
98.7664,97.7649,93.5963,97.8093,109.79,97.8093
46.7357,307.304,73.7798,139.635,46.7357,40.3645
81.2336,82.2351,86.4037,82.1907,109.79,82.1907
226.736,232.696,106.22,220.365,226.736,319.635
6
3.87732e-08,4.37547e-08,9.64539e-08,4.36275e-08,4.07843e-08,4.36275e-08
-89.3179,-100.368,-107.234,-100.342,-99.7571,-100.342
0,3.14159,3.14159,3.14159,3.14159,3.14159
98.9021,97.8817,93.5664,97.9048,110.076,97.9048
45.8814,307.972,73.9183,140.477,45.8814,39.5226
81.0979,82.1183,86.4336,82.0952,110.076,82.0952
225.881,232.028,106.082,219.523,225.881,320.477
6
3.81867e-08,4.31071e-08,9.72534e-08,4.31071e-08,4.02271e-08,4.31071e-08
-89.1855,-100.238,-107.305,-100.238,-99.6376,-100.238
0,3.14159,3.14159,3.14159,3.14159,3.14159
99.0399,98.0009,93.5371,98.0009,110.366,98.0009
45,308.66,74.0546,141.34,45,38.6598
80.9601,81.9991,86.4629,81.9991,110.366,81.9991
225,231.34,105.945,218.66,225,321.34
6
3.76095e-08,4.2466e-08,9.80534e-08,4.25966e-08,3.96796e-08,4.25966e-08
-89.0532,-100.108,-107.376,-100.135,-99.5186,-100.135
0,3.14159,3.14159,3.14159,3.14159,3.14159
99.1799,98.1225,93.5082,98.0974,110.66,98.0974
44.0906,309.369,74.1886,142.224,44.0906,37.7757
80.8201,81.8775,86.4918,81.9026,110.66,81.9026
224.091,230.631,105.811,217.776,224.091,322.224
6
3.7042e-08,4.18317e-08,9.8854e-08,4.20965e-08,3.91422e-08,4.20965e-08
-88.9211,-99.9773,-107.447,-100.032,-99.4001,-100.032
0,3.14159,3.14159,3.14159,3.14159,3.14159
99.3217,98.2465,93.4797,98.1943,110.957,98.1943
43.1524,310.101,74.3205,143.13,43.1524,36.8699
80.6783,81.7535,86.5203,81.8057,110.957,81.8057
223.152,229.899,105.68,216.87,223.152,323.13
6
3.64848e-08,4.12044e-08,9.96551e-08,4.1607e-08,3.86153e-08,4.1607e-08
-88.7895,-99.8461,-107.517,-99.9305,-99.2824,-99.9305
0,3.14159,3.14159,3.14159,3.14159,3.14159
99.4654,98.3729,93.4517,98.2913,111.257,98.2913
42.1844,310.855,74.4502,144.058,42.1844,35.9421
80.5346,81.6271,86.5483,81.7087,111.257,81.7087
222.184,229.145,105.55,215.942,222.184,324.058
6
3.59382e-08,4.05846e-08,1.00457e-07,4.11285e-08,3.80993e-08,4.11285e-08
-88.6584,-99.7145,-107.587,-99.8301,-99.1656,-99.8301
0,3.14159,3.14159,3.14159,3.14159,3.14159
99.6107,98.5017,93.4242,98.3885,111.559,98.3885
41.1859,311.634,74.5778,145.008,41.1859,34.992
80.3893,81.4983,86.5758,81.6115,111.559,81.6115
221.186,228.366,105.422,214.992,221.186,325.008
6
3.54028e-08,3.99726e-08,1.01259e-07,4.06615e-08,3.75947e-08,4.06615e-08
-88.528,-99.5825,-107.656,-99.7309,-99.0498,-99.7309
0,3.14159,3.14159,3.14159,3.14159,3.14159
99.7575,98.6329,93.397,98.4855,111.863,98.4855
40.156,312.436,74.7035,145.981,40.156,34.0193
80.2425,81.3671,86.603,81.5145,111.863,81.5145
220.156,227.564,105.297,214.019,220.156,325.981
6
3.48792e-08,3.93686e-08,1.02062e-07,4.02064e-08,3.7102e-08,4.02064e-08
-88.3985,-99.4502,-107.724,-99.6331,-98.9352,-99.6331
0,3.14159,3.14159,3.14159,3.14159,3.14159
99.9054,98.7664,93.3703,98.5823,112.169,98.5823
39.0939,313.264,74.8271,146.976,39.0939,33.0239
80.0946,81.2336,86.6297,81.4177,112.169,81.4177
219.094,226.736,105.173,213.024,219.094,326.976
6
3.43677e-08,3.87732e-08,1.02865e-07,3.97635e-08,3.66216e-08,3.97635e-08
-88.2702,-99.3179,-107.793,-99.5369,-98.822,-99.5369
0,3.14159,3.14159,3.14159,3.14159,3.14159
100.054,98.9021,93.3439,98.6786,112.476,98.6786
37.9987,314.119,74.9488,147.995,37.9987,32.0054
79.9456,81.0979,86.6561,81.3214,112.476,81.3214
217.999,225.881,105.051,212.005,217.999,327.995
6
3.3869e-08,3.81867e-08,1.03668e-07,3.93333e-08,3.6154e-08,3.93333e-08
-88.1433,-99.1855,-107.86,-99.4424,-98.7103,-99.4424
0,3.14159,3.14159,3.14159,3.14159,3.14159
100.204,99.0399,93.318,98.7743,112.782,98.7743
36.8699,315,75.0686,149.036,36.8699,30.9638
79.796,80.9601,86.682,81.2257,112.782,81.2257
216.87,225,104.931,210.964,216.87,329.036
6
3.33837e-08,3.76095e-08,1.04472e-07,3.89162e-08,3.56998e-08,3.89162e-08
-88.0179,-99.0532,-107.927,-99.3498,-98.6005,-99.3498
0,3.14159,3.14159,3.14159,3.14159,3.14159
100.354,99.1799,93.2924,98.8691,113.089,98.8691
35.7067,315.909,75.1865,150.101,35.7067,29.8989
79.6461,80.8201,86.7076,81.1309,113.089,81.1309
215.707,224.091,104.813,209.899,215.707,330.101
6
3.29123e-08,3.7042e-08,1.05277e-07,3.85126e-08,3.52594e-08,3.85126e-08
-87.8944,-98.9211,-107.994,-99.2593,-98.4927,-99.2593
0,3.14159,3.14159,3.14159,3.14159,3.14159
100.504,99.3217,93.2672,98.9628,113.394,98.9628
34.5085,316.848,75.3027,151.189,34.5085,28.8108
79.4961,80.6783,86.7328,81.0372,113.394,81.0372
214.509,223.152,104.697,208.811,214.509,331.189
6
3.24555e-08,3.64848e-08,1.06082e-07,3.8123e-08,3.48333e-08,3.8123e-08
-87.773,-98.7895,-108.06,-99.171,-98.3871,-99.171
0,3.14159,3.14159,3.14159,3.14159,3.14159
100.653,99.4654,93.2424,99.0552,113.698,99.0552
33.2749,317.816,75.4171,152.301,33.2749,27.6995
79.3465,80.5346,86.7576,80.9448,113.698,80.9448
213.275,222.184,104.583,207.699,213.275,332.301
6
3.20139e-08,3.59382e-08,1.06887e-07,3.77477e-08,3.44222e-08,3.77477e-08
-87.654,-98.6584,-108.126,-99.085,-98.284,-99.085
0,3.14159,3.14159,3.14159,3.14159,3.14159
100.802,99.6107,93.2179,99.146,113.999,99.146
32.0054,318.814,75.5297,153.435,32.0054,26.5651
79.1978,80.3893,86.7821,80.854,113.999,80.854
212.005,221.186,104.47,206.565,212.005,333.435
6
3.15881e-08,3.54028e-08,1.07693e-07,3.73872e-08,3.40265e-08,3.73872e-08
-87.5377,-98.528,-108.191,-99.0017,-98.1836,-99.0017
0,3.14159,3.14159,3.14159,3.14159,3.14159
100.95,99.7575,93.1938,99.2349,114.296,99.2349
30.6997,319.844,75.6407,154.592,30.6997,25.4077
79.0504,80.2425,86.8062,80.7651,114.296,80.7651
210.7,220.156,104.359,205.408,210.7,334.592
6
3.11787e-08,3.48792e-08,1.08499e-07,3.7042e-08,3.36469e-08,3.7042e-08
-87.4244,-98.3985,-108.256,-98.9211,-98.0861,-98.9211
0,3.14159,3.14159,3.14159,3.14159,3.14159
101.095,99.9054,93.1701,99.3217,114.588,99.3217
29.3578,320.906,75.75,155.772,29.3578,24.2277
78.9048,80.0946,86.8299,80.6783,114.588,80.6783
209.358,219.094,104.25,204.228,209.358,335.772
6
3.07865e-08,3.43677e-08,1.09306e-07,3.67125e-08,3.32837e-08,3.67125e-08
-87.3144,-98.2702,-108.32,-98.8435,-97.9919,-98.8435
0,3.14159,3.14159,3.14159,3.14159,3.14159
101.238,100.054,93.1466,99.4062,114.874,99.4062
27.9795,322.001,75.8577,156.975,27.9795,23.0255
78.7616,79.9456,86.8534,80.5938,114.874,80.5938
207.979,217.999,104.142,203.025,207.979,336.975
6
3.0412e-08,3.3869e-08,1.10113e-07,3.6399e-08,3.29377e-08,3.6399e-08
-87.2081,-98.1433,-108.384,-98.769,-97.9011,-98.769
0,3.14159,3.14159,3.14159,3.14159,3.14159
101.379,100.204,93.1236,99.4879,115.154,99.4879
26.5651,323.13,75.9638,158.199,26.5651,21.8014
78.6214,79.796,86.8764,80.5121,115.154,80.5121
206.565,216.87,104.036,201.801,206.565,338.199
6
3.0056e-08,3.33837e-08,1.10921e-07,3.61021e-08,3.26092e-08,3.61021e-08
-87.1058,-98.0179,-108.447,-98.6979,-97.814,-98.6979
0,3.14159,3.14159,3.14159,3.14159,3.14159
101.515,100.354,93.1008,99.5667,115.425,99.5667
25.1148,324.293,76.0683,159.444,25.1148,20.556
78.4848,79.6461,86.8992,80.4333,115.425,80.4333
205.115,215.707,103.932,200.556,205.115,339.444
6
2.97191e-08,3.29123e-08,1.11728e-07,3.58221e-08,3.2299e-08,3.58221e-08
-87.0079,-97.8944,-108.51,-98.6302,-97.731,-98.6302
0,3.14159,3.14159,3.14159,3.14159,3.14159
101.648,100.504,93.0784,99.6422,115.687,99.6422
23.6294,325.491,76.1713,160.71,23.6294,19.29
78.3525,79.4961,86.9216,80.3578,115.687,80.3578
203.629,214.509,103.829,199.29,203.629,340.71
6
2.94019e-08,3.24555e-08,1.12537e-07,3.55594e-08,3.20074e-08,3.55594e-08
-86.9147,-97.773,-108.573,-98.5663,-97.6522,-98.5663
0,3.14159,3.14159,3.14159,3.14159,3.14159
101.775,100.653,93.0562,99.7141,115.938,99.7141
22.1094,326.725,76.2729,161.996,22.1094,18.0042
78.225,79.3465,86.9438,80.2859,115.938,80.2859
202.109,213.275,103.727,198.004,202.109,341.996
6
2.91052e-08,3.20139e-08,1.13345e-07,3.53145e-08,3.1735e-08,3.53145e-08
-86.8266,-97.654,-108.635,-98.5063,-97.578,-98.5063
0,3.14159,3.14159,3.14159,3.14159,3.14159
101.897,100.802,93.0344,99.7821,116.177,99.7821
20.556,327.995,76.373,163.301,20.556,16.6992
78.1032,79.1978,86.9656,80.2179,116.177,80.2179
200.556,212.005,103.627,196.699,200.556,343.301
6
2.88295e-08,3.15881e-08,1.14154e-07,3.50876e-08,3.14824e-08,3.50876e-08
-86.744,-97.5377,-108.697,-98.4503,-97.5086,-98.4503
0,3.14159,3.14159,3.14159,3.14159,3.14159
102.012,100.95,93.0129,99.846,116.404,99.846
18.9704,329.3,76.4717,164.624,18.9704,15.3763
77.9878,79.0504,86.9871,80.154,116.404,80.154
198.97,210.7,103.528,195.376,198.97,344.624
6
2.85754e-08,3.11787e-08,1.14963e-07,3.48792e-08,3.12499e-08,3.48792e-08
-86.6671,-97.4244,-108.758,-98.3985,-97.4442,-98.3985
0,3.14159,3.14159,3.14159,3.14159,3.14159
102.121,101.095,92.9917,99.9054,116.616,99.9054
17.354,330.642,76.569,165.964,17.354,14.0362
77.8794,78.9048,87.0083,80.0946,116.616,80.0946
197.354,209.358,103.431,194.036,197.354,345.964
6
2.83436e-08,3.07865e-08,1.15773e-07,3.46895e-08,3.10381e-08,3.46895e-08
-86.5963,-97.3144,-108.819,-98.3512,-97.3851,-98.3512
0,3.14159,3.14159,3.14159,3.14159,3.14159
102.221,101.238,92.9707,99.9601,116.812,99.9601
15.7086,332.021,76.6649,167.32,15.7086,12.6804
77.7787,78.7616,87.0293,80.0399,116.812,80.0399
195.709,207.979,103.335,192.68,195.709,347.32
6
2.81346e-08,3.0412e-08,1.16583e-07,3.45189e-08,3.08473e-08,3.45189e-08
-86.532,-97.2081,-108.88,-98.3084,-97.3316,-98.3084
0,3.14159,3.14159,3.14159,3.14159,3.14159
102.313,101.379,92.9501,100.01,116.991,100.01
14.0362,333.435,76.7595,168.69,14.0362,11.3099
77.6865,78.6214,87.0499,79.9901,116.991,79.9901
194.036,206.565,103.241,191.31,194.036,348.69
6
2.79489e-08,3.0056e-08,1.17393e-07,3.43677e-08,3.0678e-08,3.43677e-08
-86.4745,-97.1058,-108.94,-98.2702,-97.2838,-98.2702
0,3.14159,3.14159,3.14159,3.14159,3.14159
102.397,101.515,92.9297,100.054,117.152,100.054
12.3391,334.885,76.8528,170.074,12.3391,9.92625
77.6034,78.4848,87.0703,79.9456,117.152,79.9456
192.339,205.115,103.147,189.926,192.339,350.074
6
2.77869e-08,2.97191e-08,1.18204e-07,3.42361e-08,3.05305e-08,3.42361e-08
-86.424,-97.0079,-109,-98.2369,-97.2419,-98.2369
0,3.14159,3.14159,3.14159,3.14159,3.14159
102.47,101.648,92.9096,100.093,117.294,100.093
10.6197,336.371,76.9448,171.469,10.6197,8.53077
77.53,78.3525,87.0904,79.9066,117.294,79.9066
190.62,203.629,103.055,188.531,190.62,351.469
6
2.76491e-08,2.94019e-08,1.19015e-07,3.41244e-08,3.04051e-08,3.41244e-08
-86.3808,-96.9147,-109.059,-98.2085,-97.2062,-98.2085
0,3.14159,3.14159,3.14159,3.14159,3.14159
102.533,101.775,92.8897,100.127,117.416,100.127
8.88066,337.891,77.0355,172.875,8.88066,7.12502
77.4668,78.225,87.1103,79.8732,117.416,79.8732
188.881,202.109,102.965,187.125,188.881,352.875
6
2.75358e-08,2.91052e-08,1.19826e-07,3.40327e-08,3.03022e-08,3.40327e-08
-86.3452,-96.8266,-109.118,-98.1851,-97.1767,-98.1851
0,3.14159,3.14159,3.14159,3.14159,3.14159
102.586,101.897,92.8702,100.154,117.517,100.154
7.12502,339.444,77.125,174.289,7.12502,5.71059
77.4144,78.1032,87.1298,79.8456,117.517,79.8456
187.125,200.556,102.875,185.711,187.125,354.289
6
2.74474e-08,2.88295e-08,1.20637e-07,3.39612e-08,3.02219e-08,3.39612e-08
-86.3173,-96.744,-109.177,-98.1669,-97.1536,-98.1669
0,3.14159,3.14159,3.14159,3.14159,3.14159
102.627,102.012,92.8508,100.176,117.596,100.176
5.35583,341.03,77.2133,175.711,5.35583,4.28915
77.3732,77.9878,87.1492,79.824,117.596,79.824
185.356,198.97,102.787,184.289,185.356,355.711
6
2.73841e-08,2.85754e-08,1.21449e-07,3.391e-08,3.01644e-08,3.391e-08
-86.2972,-96.6671,-109.235,-98.1538,-97.1371,-98.1538
0,3.14159,3.14159,3.14159,3.14159,3.14159
102.656,102.121,92.8318,100.192,117.654,100.192
3.57633,342.646,77.3004,177.138,3.57633,2.86241
77.3435,77.8794,87.1682,79.8085,117.654,79.8085
183.576,197.354,102.7,182.862,183.576,357.138
6
2.7346e-08,2.83436e-08,1.22261e-07,3.38793e-08,3.01298e-08,3.38793e-08
-86.2851,-96.5963,-109.293,-98.1459,-97.1272,-98.1459
0,3.14159,3.14159,3.14159,3.14159,3.14159
102.674,102.221,92.8129,100.201,117.688,100.201
1.78991,344.291,77.3864,178.568,1.78991,1.4321
77.3256,77.7787,87.1871,79.7991,117.688,79.7991
181.79,195.709,102.614,181.432,181.79,358.568
6
2.73333e-08,2.81346e-08,1.23074e-07,3.3869e-08,3.01183e-08,3.3869e-08
-86.2811,-96.532,-109.351,-98.1433,-97.1238,-98.1433
0,3.14159,3.14159,3.14159,3.14159,3.14159
102.68,102.313,92.7944,100.204,117.699,100.204
0,345.964,77.4712,180,0,0
77.3196,77.6865,87.2056,79.796,117.699,79.796
180,194.036,102.529,180,180,0
6
2.7346e-08,2.79489e-08,1.23886e-07,3.38793e-08,3.01298e-08,3.38793e-08
-86.2851,-96.4745,-109.408,-98.1459,-97.1272,-98.1459
0,3.14159,3.14159,3.14159,3.14159,3.14159
102.674,102.397,92.776,100.201,117.688,100.201
358.21,347.661,77.5549,181.432,358.21,358.568
77.3256,77.6034,87.224,79.7991,117.688,79.7991
178.21,192.339,102.445,178.568,178.21,1.4321
6
2.73841e-08,2.77869e-08,1.24699e-07,3.391e-08,3.01644e-08,3.391e-08
-86.2972,-96.424,-109.464,-98.1538,-97.1371,-98.1538
0,3.14159,3.14159,3.14159,3.14159,3.14159
102.656,102.47,92.7579,100.192,117.654,100.192
356.424,349.38,77.6375,182.862,356.424,357.138
77.3435,77.53,87.2421,79.8085,117.654,79.8085
176.424,190.62,102.362,177.138,176.424,2.86241
6
2.7346e-08,2.79489e-08,1.23886e-07,3.38793e-08,3.01298e-08,3.38793e-08
-86.2851,-96.4745,-109.408,-98.1459,-97.1272,-98.1459
0,3.14159,3.14159,3.14159,3.14159,3.14159
102.674,102.397,92.776,100.201,117.688,100.201
358.21,347.661,77.5549,181.432,358.21,358.568
77.3256,77.6034,87.224,79.7991,117.688,79.7991
178.21,192.339,102.445,178.568,178.21,1.4321
6
2.73333e-08,2.81346e-08,1.23074e-07,3.3869e-08,3.01183e-08,3.3869e-08
-86.2811,-96.532,-109.351,-98.1433,-97.1238,-98.1433
0,3.14159,3.14159,3.14159,3.14159,3.14159
102.68,102.313,92.7944,100.204,117.699,100.204
0,345.964,77.4712,180,0,0
77.3196,77.6865,87.2056,79.796,117.699,79.796
180,194.036,102.529,180,180,0
6
2.7346e-08,2.83436e-08,1.22261e-07,3.38793e-08,3.01298e-08,3.38793e-08
-86.2851,-96.5963,-109.293,-98.1459,-97.1272,-98.1459
0,3.14159,3.14159,3.14159,3.14159,3.14159
102.674,102.221,92.8129,100.201,117.688,100.201
1.78991,344.291,77.3864,178.568,1.78991,1.4321
77.3256,77.7787,87.1871,79.7991,117.688,79.7991
181.79,195.709,102.614,181.432,181.79,358.568
6
2.73841e-08,2.85754e-08,1.21449e-07,3.391e-08,3.01644e-08,3.391e-08
-86.2972,-96.6671,-109.235,-98.1538,-97.1371,-98.1538
0,3.14159,3.14159,3.14159,3.14159,3.14159
102.656,102.121,92.8318,100.192,117.654,100.192
3.57633,342.646,77.3004,177.138,3.57633,2.86241
77.3435,77.8794,87.1682,79.8085,117.654,79.8085
183.576,197.354,102.7,182.862,183.576,357.138
6
2.74474e-08,2.88295e-08,1.20637e-07,3.39612e-08,3.02219e-08,3.39612e-08
-86.3173,-96.744,-109.177,-98.1669,-97.1536,-98.1669
0,3.14159,3.14159,3.14159,3.14159,3.14159
102.627,102.012,92.8508,100.176,117.596,100.176
5.35583,341.03,77.2133,175.711,5.35583,4.28915
77.3732,77.9878,87.1492,79.824,117.596,79.824
185.356,198.97,102.787,184.289,185.356,355.711
6
2.75358e-08,2.91052e-08,1.19826e-07,3.40327e-08,3.03022e-08,3.40327e-08
-86.3452,-96.8266,-109.118,-98.1851,-97.1767,-98.1851
0,3.14159,3.14159,3.14159,3.14159,3.14159
102.586,101.897,92.8702,100.154,117.517,100.154
7.12502,339.444,77.125,174.289,7.12502,5.71059
77.4144,78.1032,87.1298,79.8456,117.517,79.8456
187.125,200.556,102.875,185.711,187.125,354.289
6
2.76491e-08,2.94019e-08,1.19015e-07,3.41244e-08,3.04051e-08,3.41244e-08
-86.3808,-96.9147,-109.059,-98.2085,-97.2062,-98.2085
0,3.14159,3.14159,3.14159,3.14159,3.14159
102.533,101.775,92.8897,100.127,117.416,100.127
8.88066,337.891,77.0355,172.875,8.88066,7.12502
77.4668,78.225,87.1103,79.8732,117.416,79.8732
188.881,202.109,102.965,187.125,188.881,352.875
6
2.77869e-08,2.97191e-08,1.18204e-07,3.42361e-08,3.05305e-08,3.42361e-08
-86.424,-97.0079,-109,-98.2369,-97.2419,-98.2369
0,3.14159,3.14159,3.14159,3.14159,3.14159
102.47,101.648,92.9096,100.093,117.294,100.093
10.6197,336.371,76.9448,171.469,10.6197,8.53077
77.53,78.3525,87.0904,79.9066,117.294,79.9066
190.62,203.629,103.055,188.531,190.62,351.469
6
2.79489e-08,3.0056e-08,1.17393e-07,3.43677e-08,3.0678e-08,3.43677e-08
-86.4745,-97.1058,-108.94,-98.2702,-97.2838,-98.2702
0,3.14159,3.14159,3.14159,3.14159,3.14159
102.397,101.515,92.9297,100.054,117.152,100.054
12.3391,334.885,76.8528,170.074,12.3391,9.92625
77.6034,78.4848,87.0703,79.9456,117.152,79.9456
192.339,205.115,103.147,189.926,192.339,350.074
6
2.81346e-08,3.0412e-08,1.16583e-07,3.45189e-08,3.08473e-08,3.45189e-08
-86.532,-97.2081,-108.88,-98.3084,-97.3316,-98.3084
0,3.14159,3.14159,3.14159,3.14159,3.14159
102.313,101.379,92.9501,100.01,116.991,100.01
14.0362,333.435,76.7595,168.69,14.0362,11.3099
77.6865,78.6214,87.0499,79.9901,116.991,79.9901
194.036,206.565,103.241,191.31,194.036,348.69
6
2.83436e-08,3.07865e-08,1.15773e-07,3.46895e-08,3.10381e-08,3.46895e-08
-86.5963,-97.3144,-108.819,-98.3512,-97.3851,-98.3512
0,3.14159,3.14159,3.14159,3.14159,3.14159
102.221,101.238,92.9707,99.9601,116.812,99.9601
15.7086,332.021,76.6649,167.32,15.7086,12.6804
77.7787,78.7616,87.0293,80.0399,116.812,80.0399
195.709,207.979,103.335,192.68,195.709,347.32
6
2.85754e-08,3.11787e-08,1.14963e-07,3.48792e-08,3.12499e-08,3.48792e-08
-86.6671,-97.4244,-108.758,-98.3985,-97.4442,-98.3985
0,3.14159,3.14159,3.14159,3.14159,3.14159
102.121,101.095,92.9917,99.9054,116.616,99.9054
17.354,330.642,76.569,165.964,17.354,14.0362
77.8794,78.9048,87.0083,80.0946,116.616,80.0946
197.354,209.358,103.431,194.036,197.354,345.964
6
2.88295e-08,3.15881e-08,1.14154e-07,3.50876e-08,3.14824e-08,3.50876e-08
-86.744,-97.5377,-108.697,-98.4503,-97.5086,-98.4503
0,3.14159,3.14159,3.14159,3.14159,3.14159
102.012,100.95,93.0129,99.846,116.404,99.846
18.9704,329.3,76.4717,164.624,18.9704,15.3763
77.9878,79.0504,86.9871,80.154,116.404,80.154
198.97,210.7,103.528,195.376,198.97,344.624
6
2.91052e-08,3.20139e-08,1.13345e-07,3.53145e-08,3.1735e-08,3.53145e-08
-86.8266,-97.654,-108.635,-98.5063,-97.578,-98.5063
0,3.14159,3.14159,3.14159,3.14159,3.14159
101.897,100.802,93.0344,99.7821,116.177,99.7821
20.556,327.995,76.373,163.301,20.556,16.6992
78.1032,79.1978,86.9656,80.2179,116.177,80.2179
200.556,212.005,103.627,196.699,200.556,343.301
6
2.94019e-08,3.24555e-08,1.12537e-07,3.55594e-08,3.20074e-08,3.55594e-08
-86.9147,-97.773,-108.573,-98.5663,-97.6522,-98.5663
0,3.14159,3.14159,3.14159,3.14159,3.14159
101.775,100.653,93.0562,99.7141,115.938,99.7141
22.1094,326.725,76.2729,161.996,22.1094,18.0042
78.225,79.3465,86.9438,80.2859,115.938,80.2859
202.109,213.275,103.727,198.004,202.109,341.996
6
2.97191e-08,3.29123e-08,1.11728e-07,3.58221e-08,3.2299e-08,3.58221e-08
-87.0079,-97.8944,-108.51,-98.6302,-97.731,-98.6302
0,3.14159,3.14159,3.14159,3.14159,3.14159
101.648,100.504,93.0784,99.6422,115.687,99.6422
23.6294,325.491,76.1713,160.71,23.6294,19.29
78.3525,79.4961,86.9216,80.3578,115.687,80.3578
203.629,214.509,103.829,199.29,203.629,340.71
6
3.0056e-08,3.33837e-08,1.10921e-07,3.61021e-08,3.26092e-08,3.61021e-08
-87.1058,-98.0179,-108.447,-98.6979,-97.814,-98.6979
0,3.14159,3.14159,3.14159,3.14159,3.14159
101.515,100.354,93.1008,99.5667,115.425,99.5667
25.1148,324.293,76.0683,159.444,25.1148,20.556
78.4848,79.6461,86.8992,80.4333,115.425,80.4333
205.115,215.707,103.932,200.556,205.115,339.444
6
3.0412e-08,3.3869e-08,1.10113e-07,3.6399e-08,3.29377e-08,3.6399e-08
-87.2081,-98.1433,-108.384,-98.769,-97.9011,-98.769
0,3.14159,3.14159,3.14159,3.14159,3.14159
101.379,100.204,93.1236,99.4879,115.154,99.4879
26.5651,323.13,75.9638,158.199,26.5651,21.8014
78.6214,79.796,86.8764,80.5121,115.154,80.5121
206.565,216.87,104.036,201.801,206.565,338.199
6
3.07865e-08,3.43677e-08,1.09306e-07,3.67125e-08,3.32837e-08,3.67125e-08
-87.3144,-98.2702,-108.32,-98.8435,-97.9919,-98.8435
0,3.14159,3.14159,3.14159,3.14159,3.14159
101.238,100.054,93.1466,99.4062,114.874,99.4062
27.9795,322.001,75.8577,156.975,27.9795,23.0255
78.7616,79.9456,86.8534,80.5938,114.874,80.5938
207.979,217.999,104.142,203.025,207.979,336.975
6
3.11787e-08,3.48792e-08,1.08499e-07,3.7042e-08,3.36469e-08,3.7042e-08
-87.4244,-98.3985,-108.256,-98.9211,-98.0861,-98.9211
0,3.14159,3.14159,3.14159,3.14159,3.14159
101.095,99.9054,93.1701,99.3217,114.588,99.3217
29.3578,320.906,75.75,155.772,29.3578,24.2277
78.9048,80.0946,86.8299,80.6783,114.588,80.6783
209.358,219.094,104.25,204.228,209.358,335.772
6
3.15881e-08,3.54028e-08,1.07693e-07,3.73872e-08,3.40265e-08,3.73872e-08
-87.5377,-98.528,-108.191,-99.0017,-98.1836,-99.0017
0,3.14159,3.14159,3.14159,3.14159,3.14159
100.95,99.7575,93.1938,99.2349,114.296,99.2349
30.6997,319.844,75.6407,154.592,30.6997,25.4077
79.0504,80.2425,86.8062,80.7651,114.296,80.7651
210.7,220.156,104.359,205.408,210.7,334.592
6
3.20139e-08,3.59382e-08,1.06887e-07,3.77477e-08,3.44222e-08,3.77477e-08
-87.654,-98.6584,-108.126,-99.085,-98.284,-99.085
0,3.14159,3.14159,3.14159,3.14159,3.14159
100.802,99.6107,93.2179,99.146,113.999,99.146
32.0054,318.814,75.5297,153.435,32.0054,26.5651
79.1978,80.3893,86.7821,80.854,113.999,80.854
212.005,221.186,104.47,206.565,212.005,333.435
6
3.24555e-08,3.64848e-08,1.06082e-07,3.8123e-08,3.48333e-08,3.8123e-08
-87.773,-98.7895,-108.06,-99.171,-98.3871,-99.171
0,3.14159,3.14159,3.14159,3.14159,3.14159
100.653,99.4654,93.2424,99.0552,113.698,99.0552
33.2749,317.816,75.4171,152.301,33.2749,27.6995
79.3465,80.5346,86.7576,80.9448,113.698,80.9448
213.275,222.184,104.583,207.699,213.275,332.301
6
3.29123e-08,3.7042e-08,1.05277e-07,3.85126e-08,3.52594e-08,3.85126e-08
-87.8944,-98.9211,-107.994,-99.2593,-98.4927,-99.2593
0,3.14159,3.14159,3.14159,3.14159,3.14159
100.504,99.3217,93.2672,98.9628,113.394,98.9628
34.5085,316.848,75.3027,151.189,34.5085,28.8108
79.4961,80.6783,86.7328,81.0372,113.394,81.0372
214.509,223.152,104.697,208.811,214.509,331.189
6
3.33837e-08,3.76095e-08,1.04472e-07,3.89162e-08,3.56998e-08,3.89162e-08
-88.0179,-99.0532,-107.927,-99.3498,-98.6005,-99.3498
0,3.14159,3.14159,3.14159,3.14159,3.14159
100.354,99.1799,93.2924,98.8691,113.089,98.8691
35.7067,315.909,75.1865,150.101,35.7067,29.8989
79.6461,80.8201,86.7076,81.1309,113.089,81.1309
215.707,224.091,104.813,209.899,215.707,330.101
6
3.3869e-08,3.81867e-08,1.03668e-07,3.93333e-08,3.6154e-08,3.93333e-08
-88.1433,-99.1855,-107.86,-99.4424,-98.7103,-99.4424
0,3.14159,3.14159,3.14159,3.14159,3.14159
100.204,99.0399,93.318,98.7743,112.782,98.7743
36.8699,315,75.0686,149.036,36.8699,30.9638
79.796,80.9601,86.682,81.2257,112.782,81.2257
216.87,225,104.931,210.964,216.87,329.036
6
3.43677e-08,3.87732e-08,1.02865e-07,3.97635e-08,3.66216e-08,3.97635e-08
-88.2702,-99.3179,-107.793,-99.5369,-98.822,-99.5369
0,3.14159,3.14159,3.14159,3.14159,3.14159
100.054,98.9021,93.3439,98.6786,112.476,98.6786
37.9987,314.119,74.9488,147.995,37.9987,32.0054
79.9456,81.0979,86.6561,81.3214,112.476,81.3214
217.999,225.881,105.051,212.005,217.999,327.995
6
3.48792e-08,3.93686e-08,1.02062e-07,4.02064e-08,3.7102e-08,4.02064e-08
-88.3985,-99.4502,-107.724,-99.6331,-98.9352,-99.6331
0,3.14159,3.14159,3.14159,3.14159,3.14159
99.9054,98.7664,93.3703,98.5823,112.169,98.5823
39.0939,313.264,74.8271,146.976,39.0939,33.0239
80.0946,81.2336,86.6297,81.4177,112.169,81.4177
219.094,226.736,105.173,213.024,219.094,326.976
6
3.54028e-08,3.99726e-08,1.01259e-07,4.06615e-08,3.75947e-08,4.06615e-08
-88.528,-99.5825,-107.656,-99.7309,-99.0498,-99.7309
0,3.14159,3.14159,3.14159,3.14159,3.14159
99.7575,98.6329,93.397,98.4855,111.863,98.4855
40.156,312.436,74.7035,145.981,40.156,34.0193
80.2425,81.3671,86.603,81.5145,111.863,81.5145
220.156,227.564,105.297,214.019,220.156,325.981
