6
2.73333e-08,1.23074e-07,2.81346e-08,3.3869e-08,3.01183e-08,3.3869e-08
-86.2811,-109.351,-96.532,-98.1433,-97.1238,-98.1433
0,3.14159,3.14159,3.14159,3.14159,3.14159
77.3196,87.2056,77.6865,79.796,117.699,79.796
180,257.471,165.964,180,180,0
102.68,92.7944,102.313,100.204,117.699,100.204
0,282.529,14.0362,180,0,0
6
2.7346e-08,1.22261e-07,2.83436e-08,3.38793e-08,3.01298e-08,3.38793e-08
-86.2851,-109.293,-96.5963,-98.1459,-97.1272,-98.1459
0,3.14159,3.14159,3.14159,3.14159,3.14159
77.3256,87.1871,77.7787,79.7991,117.688,79.7991
178.21,257.386,164.291,178.568,178.21,1.4321
102.674,92.8129,102.221,100.201,117.688,100.201
358.21,282.614,15.7086,181.432,358.21,358.568
6
2.73841e-08,1.21449e-07,2.85754e-08,3.391e-08,3.01644e-08,3.391e-08
-86.2972,-109.235,-96.6671,-98.1538,-97.1371,-98.1538
0,3.14159,3.14159,3.14159,3.14159,3.14159
77.3435,87.1682,77.8794,79.8085,117.654,79.8085
176.424,257.3,162.646,177.138,176.424,2.86241
102.656,92.8318,102.121,100.192,117.654,100.192
356.424,282.7,17.354,182.862,356.424,357.138
6
2.74474e-08,1.20637e-07,2.88295e-08,3.39612e-08,3.02219e-08,3.39612e-08
-86.3173,-109.177,-96.744,-98.1669,-97.1536,-98.1669
0,3.14159,3.14159,3.14159,3.14159,3.14159
77.3732,87.1492,77.9878,79.824,117.596,79.824
174.644,257.213,161.03,175.711,174.644,4.28915
102.627,92.8508,102.012,100.176,117.596,100.176
354.644,282.787,18.9704,184.289,354.644,355.711
6
2.75358e-08,1.19826e-07,2.91052e-08,3.40327e-08,3.03022e-08,3.40327e-08
-86.3452,-109.118,-96.8266,-98.1851,-97.1767,-98.1851
0,3.14159,3.14159,3.14159,3.14159,3.14159
77.4144,87.1298,78.1032,79.8456,117.517,79.8456
172.875,257.125,159.444,174.289,172.875,5.71059
102.586,92.8702,101.897,100.154,117.517,100.154
352.875,282.875,20.556,185.711,352.875,354.289
6
2.76491e-08,1.19015e-07,2.94019e-08,3.41244e-08,3.04051e-08,3.41244e-08
-86.3808,-109.059,-96.9147,-98.2085,-97.2062,-98.2085
0,3.14159,3.14159,3.14159,3.14159,3.14159
77.4668,87.1103,78.225,79.8732,117.416,79.8732
171.119,257.035,157.891,172.875,171.119,7.12502
102.533,92.8897,101.775,100.127,117.416,100.127
351.119,282.965,22.1094,187.125,351.119,352.875
6
2.77869e-08,1.18204e-07,2.97191e-08,3.42361e-08,3.05305e-08,3.42361e-08
-86.424,-109,-97.0079,-98.2369,-97.2419,-98.2369
0,3.14159,3.14159,3.14159,3.14159,3.14159
77.53,87.0904,78.3525,79.9066,117.294,79.9066
169.38,256.945,156.371,171.469,169.38,8.53077
102.47,92.9096,101.648,100.093,117.294,100.093
349.38,283.055,23.6294,188.531,349.38,351.469
6
2.79489e-08,1.17393e-07,3.0056e-08,3.43677e-08,3.0678e-08,3.43677e-08
-86.4745,-108.94,-97.1058,-98.2702,-97.2838,-98.2702
0,3.14159,3.14159,3.14159,3.14159,3.14159
77.6034,87.0703,78.4848,79.9456,117.152,79.9456
167.661,256.853,154.885,170.074,167.661,9.92625
102.397,92.9297,101.515,100.054,117.152,100.054
347.661,283.147,25.1148,189.926,347.661,350.074
6
2.81346e-08,1.16583e-07,3.0412e-08,3.45189e-08,3.08473e-08,3.45189e-08
-86.532,-108.88,-97.2081,-98.3084,-97.3316,-98.3084
0,3.14159,3.14159,3.14159,3.14159,3.14159
77.6865,87.0499,78.6214,79.9901,116.991,79.9901
165.964,256.759,153.435,168.69,165.964,11.3099
102.313,92.9501,101.379,100.01,116.991,100.01
345.964,283.241,26.5651,191.31,345.964,348.69
6
2.83436e-08,1.15773e-07,3.07865e-08,3.46895e-08,3.10381e-08,3.46895e-08
-86.5963,-108.819,-97.3144,-98.3512,-97.3851,-98.3512
0,3.14159,3.14159,3.14159,3.14159,3.14159
77.7787,87.0293,78.7616,80.0399,116.812,80.0399
164.291,256.665,152.021,167.32,164.291,12.6804
102.221,92.9707,101.238,99.9601,116.812,99.9601
344.291,283.335,27.9795,192.68,344.291,347.32
6
2.85754e-08,1.14963e-07,3.11787e-08,3.48792e-08,3.12499e-08,3.48792e-08
-86.6671,-108.758,-97.4244,-98.3985,-97.4442,-98.3985
0,3.14159,3.14159,3.14159,3.14159,3.14159
77.8794,87.0083,78.9048,80.0946,116.616,80.0946
162.646,256.569,150.642,165.964,162.646,14.0362
102.121,92.9917,101.095,99.9054,116.616,99.9054
342.646,283.431,29.3578,194.036,342.646,345.964
6
2.88295e-08,1.14154e-07,3.15881e-08,3.50876e-08,3.14824e-08,3.50876e-08
-86.744,-108.697,-97.5377,-98.4503,-97.5086,-98.4503
0,3.14159,3.14159,3.14159,3.14159,3.14159
77.9878,86.9871,79.0504,80.154,116.404,80.154
161.03,256.472,149.3,164.624,161.03,15.3763
102.012,93.0129,100.95,99.846,116.404,99.846
341.03,283.528,30.6997,195.376,341.03,344.624
6
2.91052e-08,1.13345e-07,3.20139e-08,3.53145e-08,3.1735e-08,3.53145e-08
-86.8266,-108.635,-97.654,-98.5063,-97.578,-98.5063
0,3.14159,3.14159,3.14159,3.14159,3.14159
78.1032,86.9656,79.1978,80.2179,116.177,80.2179
159.444,256.373,147.995,163.301,159.444,16.6992
101.897,93.0344,100.802,99.7821,116.177,99.7821
339.444,283.627,32.0054,196.699,339.444,343.301
6
2.94019e-08,1.12537e-07,3.24555e-08,3.55594e-08,3.20074e-08,3.55594e-08
-86.9147,-108.573,-97.773,-98.5663,-97.6522,-98.5663
0,3.14159,3.14159,3.14159,3.14159,3.14159
78.225,86.9438,79.3465,80.2859,115.938,80.2859
157.891,256.273,146.725,161.996,157.891,18.0042
101.775,93.0562,100.653,99.7141,115.938,99.7141
337.891,283.727,33.2749,198.004,337.891,341.996
6
2.97191e-08,1.11728e-07,3.29123e-08,3.58221e-08,3.2299e-08,3.58221e-08
-87.0079,-108.51,-97.8944,-98.6302,-97.731,-98.6302
0,3.14159,3.14159,3.14159,3.14159,3.14159
78.3525,86.9216,79.4961,80.3578,115.687,80.3578
156.371,256.171,145.491,160.71,156.371,19.29
101.648,93.0784,100.504,99.6422,115.687,99.6422
336.371,283.829,34.5085,199.29,336.371,340.71
6
3.0056e-08,1.10921e-07,3.33837e-08,3.61021e-08,3.26092e-08,3.61021e-08
-87.1058,-108.447,-98.0179,-98.6979,-97.814,-98.6979
0,3.14159,3.14159,3.14159,3.14159,3.14159
78.4848,86.8992,79.6461,80.4333,115.425,80.4333
154.885,256.068,144.293,159.444,154.885,20.556
101.515,93.1008,100.354,99.5667,115.425,99.5667
334.885,283.932,35.7067,200.556,334.885,339.444
6
3.0412e-08,1.10113e-07,3.3869e-08,3.6399e-08,3.29377e-08,3.6399e-08
-87.2081,-108.384,-98.1433,-98.769,-97.9011,-98.769
0,3.14159,3.14159,3.14159,3.14159,3.14159
78.6214,86.8764,79.796,80.5121,115.154,80.5121
153.435,255.964,143.13,158.199,153.435,21.8014
101.379,93.1236,100.204,99.4879,115.154,99.4879
333.435,284.036,36.8699,201.801,333.435,338.199
6
3.07865e-08,1.09306e-07,3.43677e-08,3.67125e-08,3.32837e-08,3.67125e-08
-87.3144,-108.32,-98.2702,-98.8435,-97.9919,-98.8435
0,3.14159,3.14159,3.14159,3.14159,3.14159
78.7616,86.8534,79.9456,80.5938,114.874,80.5938
152.021,255.858,142.001,156.975,152.021,23.0255
101.238,93.1466,100.054,99.4062,114.874,99.4062
332.021,284.142,37.9987,203.025,332.021,336.975
6
3.11787e-08,1.08499e-07,3.48792e-08,3.7042e-08,3.36469e-08,3.7042e-08
-87.4244,-108.256,-98.3985,-98.9211,-98.0861,-98.9211
0,3.14159,3.14159,3.14159,3.14159,3.14159
78.9048,86.8299,80.0946,80.6783,114.588,80.6783
150.642,255.75,140.906,155.772,150.642,24.2277
101.095,93.1701,99.9054,99.3217,114.588,99.3217
330.642,284.25,39.0939,204.228,330.642,335.772
6
3.15881e-08,1.07693e-07,3.54028e-08,3.73872e-08,3.40265e-08,3.73872e-08
-87.5377,-108.191,-98.528,-99.0017,-98.1836,-99.0017
0,3.14159,3.14159,3.14159,3.14159,3.14159
79.0504,86.8062,80.2425,80.7651,114.296,80.7651
149.3,255.641,139.844,154.592,149.3,25.4077
100.95,93.1938,99.7575,99.2349,114.296,99.2349
329.3,284.359,40.156,205.408,329.3,334.592
6
3.20139e-08,1.06887e-07,3.59382e-08,3.77477e-08,3.44222e-08,3.77477e-08
-87.654,-108.126,-98.6584,-99.085,-98.284,-99.085
0,3.14159,3.14159,3.14159,3.14159,3.14159
79.1978,86.7821,80.3893,80.854,113.999,80.854
147.995,255.53,138.814,153.435,147.995,26.5651
100.802,93.2179,99.6107,99.146,113.999,99.146
327.995,284.47,41.1859,206.565,327.995,333.435
6
3.24555e-08,1.06082e-07,3.64848e-08,3.8123e-08,3.48333e-08,3.8123e-08
-87.773,-108.06,-98.7895,-99.171,-98.3871,-99.171
0,3.14159,3.14159,3.14159,3.14159,3.14159
79.3465,86.7576,80.5346,80.9448,113.698,80.9448
146.725,255.417,137.816,152.301,146.725,27.6995
100.653,93.2424,99.4654,99.0552,113.698,99.0552
326.725,284.583,42.1844,207.699,326.725,332.301
6
3.29123e-08,1.05277e-07,3.7042e-08,3.85126e-08,3.52594e-08,3.85126e-08
-87.8944,-107.994,-98.9211,-99.2593,-98.4927,-99.2593
0,3.14159,3.14159,3.14159,3.14159,3.14159
79.4961,86.7328,80.6783,81.0372,113.394,81.0372
145.491,255.303,136.848,151.189,145.491,28.8108
100.504,93.2672,99.3217,98.9628,113.394,98.9628
325.491,284.697,43.1524,208.811,325.491,331.189
6
3.33837e-08,1.04472e-07,3.76095e-08,3.89162e-08,3.56998e-08,3.89162e-08
-88.0179,-107.927,-99.0532,-99.3498,-98.6005,-99.3498
0,3.14159,3.14159,3.14159,3.14159,3.14159
79.6461,86.7076,80.8201,81.1309,113.089,81.1309
144.293,255.187,135.909,150.101,144.293,29.8989
100.354,93.2924,99.1799,98.8691,113.089,98.8691
324.293,284.813,44.0906,209.899,324.293,330.101
6
3.3869e-08,1.03668e-07,3.81867e-08,3.93333e-08,3.6154e-08,3.93333e-08
-88.1433,-107.86,-99.1855,-99.4424,-98.7103,-99.4424
0,3.14159,3.14159,3.14159,3.14159,3.14159
79.796,86.682,80.9601,81.2257,112.782,81.2257
143.13,255.069,135,149.036,143.13,30.9638
100.204,93.318,99.0399,98.7743,112.782,98.7743
323.13,284.931,45,210.964,323.13,329.036
6
3.43677e-08,1.02865e-07,3.87732e-08,3.97635e-08,3.66216e-08,3.97635e-08
-88.2702,-107.793,-99.3179,-99.5369,-98.822,-99.5369
0,3.14159,3.14159,3.14159,3.14159,3.14159
79.9456,86.6561,81.0979,81.3214,112.476,81.3214
142.001,254.949,134.119,147.995,142.001,32.0054
100.054,93.3439,98.9021,98.6786,112.476,98.6786
322.001,285.051,45.8814,212.005,322.001,327.995
6
3.48792e-08,1.02062e-07,3.93686e-08,4.02064e-08,3.7102e-08,4.02064e-08
-88.3985,-107.724,-99.4502,-99.6331,-98.9352,-99.6331
0,3.14159,3.14159,3.14159,3.14159,3.14159
80.0946,86.6297,81.2336,81.4177,112.169,81.4177
140.906,254.827,133.264,146.976,140.906,33.0239
99.9054,93.3703,98.7664,98.5823,112.169,98.5823
320.906,285.173,46.7357,213.024,320.906,326.976
6
3.54028e-08,1.01259e-07,3.99726e-08,4.06615e-08,3.75947e-08,4.06615e-08
-88.528,-107.656,-99.5825,-99.7309,-99.0498,-99.7309
0,3.14159,3.14159,3.14159,3.14159,3.14159
80.2425,86.603,81.3671,81.5145,111.863,81.5145
139.844,254.703,132.436,145.981,139.844,34.0193
99.7575,93.397,98.6329,98.4855,111.863,98.4855
319.844,285.297,47.5638,214.019,319.844,325.981
6
3.59382e-08,1.00457e-07,4.05846e-08,4.11285e-08,3.80993e-08,4.11285e-08
-88.6584,-107.587,-99.7145,-99.8301,-99.1656,-99.8301
0,3.14159,3.14159,3.14159,3.14159,3.14159
80.3893,86.5758,81.4983,81.6115,111.559,81.6115
138.814,254.578,131.634,145.008,138.814,34.992
99.6107,93.4242,98.5017,98.3885,111.559,98.3885
318.814,285.422,48.3665,214.992,318.814,325.008
6
3.64848e-08,9.96551e-08,4.12044e-08,4.1607e-08,3.86153e-08,4.1607e-08
-88.7895,-107.517,-99.8461,-99.9305,-99.2824,-99.9305
0,3.14159,3.14159,3.14159,3.14159,3.14159
80.5346,86.5483,81.6271,81.7087,111.257,81.7087
137.816,254.45,130.855,144.058,137.816,35.9421
99.4654,93.4517,98.3729,98.2913,111.257,98.2913
317.816,285.55,49.1446,215.942,317.816,324.058
6
3.7042e-08,9.8854e-08,4.18317e-08,4.20965e-08,3.91422e-08,4.20965e-08
-88.9211,-107.447,-99.9773,-100.032,-99.4001,-100.032
0,3.14159,3.14159,3.14159,3.14159,3.14159
80.6783,86.5203,81.7535,81.8057,110.957,81.8057
136.848,254.32,130.101,143.13,136.848,36.8699
99.3217,93.4797,98.2465,98.1943,110.957,98.1943
316.848,285.68,49.8991,216.87,316.848,323.13
6
3.76095e-08,9.80534e-08,4.2466e-08,4.25966e-08,3.96796e-08,4.25966e-08
-89.0532,-107.376,-100.108,-100.135,-99.5186,-100.135
0,3.14159,3.14159,3.14159,3.14159,3.14159
80.8201,86.4918,81.8775,81.9026,110.66,81.9026
135.909,254.189,129.369,142.224,135.909,37.7757
99.1799,93.5082,98.1225,98.0974,110.66,98.0974
315.909,285.811,50.6307,217.776,315.909,322.224
6
3.81867e-08,9.72534e-08,4.31071e-08,4.31071e-08,4.02271e-08,4.31071e-08
-89.1855,-107.305,-100.238,-100.238,-99.6376,-100.238
0,3.14159,3.14159,3.14159,3.14159,3.14159
80.9601,86.4629,81.9991,81.9991,110.366,81.9991
135,254.055,128.66,141.34,135,38.6598
99.0399,93.5371,98.0009,98.0009,110.366,98.0009
315,285.945,51.3402,218.66,315,321.34
6
3.87732e-08,9.64539e-08,4.37547e-08,4.36275e-08,4.07843e-08,4.36275e-08
-89.3179,-107.234,-100.368,-100.342,-99.7571,-100.342
0,3.14159,3.14159,3.14159,3.14159,3.14159
81.0979,86.4336,82.1183,82.0952,110.076,82.0952
134.119,253.918,127.972,140.477,134.119,39.5226
98.9021,93.5664,97.8817,97.9048,110.076,97.9048
314.119,286.082,52.0284,219.523,314.119,320.477
6
3.93686e-08,9.56551e-08,4.44085e-08,4.41575e-08,4.13508e-08,4.41575e-08
-89.4502,-107.161,-100.497,-100.447,-99.8769,-100.447
0,3.14159,3.14159,3.14159,3.14159,3.14159
81.2336,86.4037,82.2351,82.1907,109.79,82.1907
133.264,253.78,127.304,139.635,133.264,40.3645
98.7664,93.5963,97.7649,97.8093,109.79,97.8093
313.264,286.22,52.6961,220.365,313.264,319.635
6
3.99726e-08,9.48568e-08,4.50682e-08,4.46968e-08,4.19262e-08,4.46968e-08
-89.5825,-107.089,-100.625,-100.553,-99.9969,-100.553
0,3.14159,3.14159,3.14159,3.14159,3.14159
81.3671,86.3734,82.3494,82.2855,109.507,82.2855
132.436,253.639,126.656,138.814,132.436,41.1859
98.6329,93.6266,97.6506,97.7145,109.507,97.7145
312.436,286.361,53.3439,221.186,312.436,318.814
6
4.05846e-08,9.40591e-08,4.57335e-08,4.5245e-08,4.25101e-08,4.5245e-08
-89.7145,-107.015,-100.752,-100.659,-100.117,-100.659
0,3.14159,3.14159,3.14159,3.14159,3.14159
81.4983,86.3426,82.4614,82.3795,109.228,82.3795
131.634,253.496,126.027,138.013,131.634,41.9872
98.5017,93.6574,97.5386,97.6205,109.228,97.6205
311.634,286.504,53.9726,221.987,311.634,318.013
6
4.12044e-08,9.3262e-08,4.64043e-08,4.58018e-08,4.31023e-08,4.58018e-08
-89.8461,-106.941,-100.878,-100.765,-100.237,-100.765
0,3.14159,3.14159,3.14159,3.14159,3.14159
81.6271,86.3113,82.571,82.4727,108.954,82.4727
130.855,253.35,125.417,137.231,130.855,42.7688
98.3729,93.6887,97.429,97.5273,108.954,97.5273
310.855,286.65,54.5829,222.769,310.855,317.231
6
4.18317e-08,9.24656e-08,4.70803e-08,4.63669e-08,4.37023e-08,4.63669e-08
-89.9773,-106.867,-101.004,-100.871,-100.357,-100.871
0,3.14159,3.14159,3.14159,3.14159,3.14159
81.7535,86.2795,82.6782,82.5649,108.684,82.5649
130.101,253.202,124.824,136.469,130.101,43.5312
98.2465,93.7205,97.3218,97.4351,108.684,97.4351
310.101,286.798,55.1755,223.531,310.101,316.469
6
4.2466e-08,9.16698e-08,4.77613e-08,4.694e-08,4.43098e-08,4.694e-08
-90.108,-106.792,-101.129,-100.978,-100.477,-100.978
0,3.14159,3.14159,3.14159,3.14159,3.14159
81.8775,86.2472,82.7832,82.6562,108.419,82.6562
129.369,253.051,124.249,135.725,129.369,44.2748
98.1225,93.7528,97.2168,97.3438,108.419,97.3438
309.369,286.949,55.751,224.275,309.369,315.725
6
4.31071e-08,9.08748e-08,4.8447e-08,4.75208e-08,4.49246e-08,4.75208e-08
-90.2382,-106.716,-101.253,-101.085,-100.597,-101.085
0,3.14159,3.14159,3.14159,3.14159,3.14159
81.9991,86.2143,82.8858,82.7464,108.158,82.7464
128.66,252.897,123.69,135,128.66,45
98.0009,93.7857,97.1142,97.2536,108.158,97.2536
308.66,287.103,56.3099,225,308.66,315
6
4.37547e-08,9.00804e-08,4.91373e-08,4.8109e-08,4.55464e-08,4.8109e-08
-90.3677,-106.64,-101.375,-101.192,-100.716,-101.192
0,3.14159,3.14159,3.14159,3.14159,3.14159
82.1183,86.1809,82.9863,82.8356,107.901,82.8356
127.972,252.741,123.147,134.293,127.972,45.7073
97.8817,93.8191,97.0137,97.1644,107.901,97.1644
307.972,287.259,56.853,225.707,307.972,314.293
6
4.44085e-08,8.92867e-08,4.98319e-08,4.87043e-08,4.61748e-08,4.87043e-08
-90.4965,-106.563,-101.497,-101.299,-100.835,-101.299
0,3.14159,3.14159,3.14159,3.14159,3.14159
82.2351,86.1469,83.0845,82.9236,107.65,82.9236
127.304,252.582,122.619,133.603,127.304,46.3972
97.7649,93.8531,96.9155,97.0764,107.65,97.0764
307.304,287.418,57.3808,226.397,307.304,313.603
6
4.50682e-08,8.84937e-08,5.05308e-08,4.93066e-08,4.68096e-08,4.93066e-08
-90.6246,-106.485,-101.618,-101.405,-100.954,-101.405
0,3.14159,3.14159,3.14159,3.14159,3.14159
82.3494,86.1123,83.1806,83.0105,107.403,83.0105
126.656,252.42,122.106,132.93,126.656,47.07
97.6506,93.8877,96.8194,96.9895,107.403,96.9895
306.656,287.58,57.8937,227.07,306.656,312.93
6
4.57335e-08,8.77015e-08,5.12337e-08,4.99155e-08,4.74506e-08,4.99155e-08
-90.7519,-106.407,-101.738,-101.512,-101.072,-101.512
0,3.14159,3.14159,3.14159,3.14159,3.14159
82.4614,86.0771,83.2746,83.0962,107.16,83.0962
126.027,252.255,121.608,132.274,126.027,47.7263
97.5386,93.9229,96.7254,96.9038,107.16,96.9038
306.027,287.745,58.3925,227.726,306.027,312.274
6
4.64043e-08,8.69101e-08,5.19404e-08,5.05308e-08,4.80974e-08,5.05308e-08
-90.8784,-106.329,-101.857,-101.618,-101.19,-101.618
0,3.14159,3.14159,3.14159,3.14159,3.14159
82.571,86.0413,83.3666,83.1806,106.922,83.1806
125.417,252.087,121.122,131.634,125.417,48.3665
97.429,93.9587,96.6334,96.8194,106.922,96.8194
305.417,287.913,58.8775,228.366,305.417,311.634
6
4.70803e-08,8.61194e-08,5.26508e-08,5.11523e-08,4.87499e-08,5.11523e-08
-91.004,-106.249,-101.975,-101.725,-101.307,-101.725
0,3.14159,3.14159,3.14159,3.14159,3.14159
82.6782,86.0049,83.4565,83.2639,106.689,83.2639
124.824,251.917,120.651,131.009,124.824,48.9909
97.3218,93.9951,96.5435,96.7361,106.689,96.7361
304.824,288.083,59.3493,228.991,304.824,311.009
6
4.77613e-08,8.53296e-08,5.33648e-08,5.17797e-08,4.94079e-08,5.17797e-08
-91.1287,-106.169,-102.092,-101.83,-101.423,-101.83
0,3.14159,3.14159,3.14159,3.14159,3.14159
82.7832,85.9679,83.5444,83.3459,106.461,83.3459
124.249,251.742,120.192,130.4,124.249,49.6001
97.2168,94.0321,96.4556,96.6541,106.461,96.6541
304.249,288.258,59.8084,229.6,304.249,310.4
6
4.8447e-08,8.45406e-08,5.40822e-08,5.24129e-08,5.00711e-08,5.24129e-08
-91.2526,-106.089,-102.208,-101.936,-101.539,-101.936
0,3.14159,3.14159,3.14159,3.14159,3.14159
82.8858,85.9302,83.6304,83.4266,106.236,83.4266
123.69,251.565,119.745,129.806,123.69,50.1944
97.1142,94.0698,96.3696,96.5734,106.236,96.5734
303.69,288.435,60.2551,230.194,303.69,309.806
6
4.91373e-08,8.37524e-08,5.48029e-08,5.30516e-08,5.07393e-08,5.30516e-08
-91.3754,-106.007,-102.323,-102.041,-101.654,-102.041
0,3.14159,3.14159,3.14159,3.14159,3.14159
82.9863,85.8918,83.7145,83.5061,106.017,83.5061
123.147,251.384,119.31,129.226,123.147,50.7743
97.0137,94.1082,96.2855,96.4939,106.017,96.4939
303.147,288.616,60.69,230.774,303.147,309.226
6
4.98319e-08,8.29652e-08,5.55268e-08,5.36956e-08,5.14123e-08,5.36956e-08
-91.4974,-105.925,-102.437,-102.146,-101.769,-102.146
0,3.14159,3.14159,3.14159,3.14159,3.14159
83.0845,85.8528,83.7967,83.5843,105.802,83.5843
122.619,251.2,118.887,128.66,122.619,51.3402
96.9155,94.1472,96.2033,96.4157,105.802,96.4157
302.619,288.8,61.1134,231.34,302.619,308.66
6
5.05308e-08,8.21788e-08,5.62536e-08,5.43448e-08,5.20899e-08,5.43448e-08
-91.6183,-105.842,-102.55,-102.25,-101.882,-102.25
0,3.14159,3.14159,3.14159,3.14159,3.14159
83.1806,85.813,83.8772,83.6613,105.591,83.6613
122.106,251.012,118.474,128.108,122.106,51.8924
96.8194,94.187,96.1228,96.3387,105.591,96.3387
302.106,288.988,61.5258,231.892,302.106,308.108
6
5.12337e-08,8.13934e-08,5.69834e-08,5.4999e-08,5.2772e-08,5.4999e-08
-91.7383,-105.759,-102.662,-102.354,-101.995,-102.354
0,3.14159,3.14159,3.14159,3.14159,3.14159
83.2746,85.7725,83.9559,83.737,105.384,83.737
121.608,250.821,118.072,127.569,121.608,52.4314
96.7254,94.2275,96.0441,96.263,105.384,96.263
301.608,289.179,61.9275,232.431,301.608,307.569
6
5.19404e-08,8.0609e-08,5.7716e-08,5.56579e-08,5.34584e-08,5.56579e-08
-91.8573,-105.675,-102.773,-102.458,-102.108,-102.458
0,3.14159,3.14159,3.14159,3.14159,3.14159
83.3666,85.7313,84.0329,83.8114,105.182,83.8114
121.122,250.626,117.681,127.042,121.122,52.9575
96.6334,94.2687,95.9671,96.1886,105.182,96.1886
301.122,289.374,62.3189,232.958,301.122,307.042
6
5.26508e-08,7.98255e-08,5.84513e-08,5.63215e-08,5.4149e-08,5.63215e-08
-91.9753,-105.59,-102.883,-102.561,-102.219,-102.561
0,3.14159,3.14159,3.14159,3.14159,3.14159
83.4565,85.6894,84.1082,83.8846,104.984,83.8846
120.651,250.427,117.3,126.529,120.651,53.4711
96.5435,94.3106,95.8918,96.1154,104.984,96.1154
300.651,289.573,62.7004,233.471,300.651,306.529
6
5.33648e-08,7.90431e-08,5.91892e-08,5.69895e-08,5.48435e-08,5.69895e-08
-92.0923,-105.504,-102.992,-102.663,-102.33,-102.663
0,3.14159,3.14159,3.14159,3.14159,3.14159
83.5444,85.6466,84.1819,83.9566,104.79,83.9566
120.192,250.224,116.928,126.027,120.192,53.9726
96.4556,94.3534,95.8181,96.0434,104.79,96.0434
300.192,289.776,63.0723,233.973,300.192,306.027
6
5.40822e-08,7.82617e-08,5.99296e-08,5.76618e-08,5.55418e-08,5.76618e-08
-92.2083,-105.418,-103.1,-102.765,-102.44,-102.765
0,3.14159,3.14159,3.14159,3.14159,3.14159
83.6304,85.6031,84.2541,84.0273,104.6,84.0273
119.745,250.017,116.565,125.538,119.745,54.4623
96.3696,94.3969,95.7459,95.9727,104.6,95.9727
299.745,289.983,63.4349,234.462,299.745,305.538
6
5.48029e-08,7.74814e-08,6.06724e-08,5.83383e-08,5.62438e-08,5.83383e-08
-92.3233,-105.331,-103.207,-102.866,-102.549,-102.866
0,3.14159,3.14159,3.14159,3.14159,3.14159
83.7145,85.5587,84.3246,84.0968,104.413,84.0968
119.31,249.806,116.211,125.059,119.31,54.9406
96.2855,94.4413,95.6754,95.9032,104.413,95.9032
299.31,290.194,63.7886,234.941,299.31,305.059
6
5.55268e-08,7.67022e-08,6.14175e-08,5.90188e-08,5.69493e-08,5.90188e-08
-92.4373,-105.243,-103.313,-102.967,-102.657,-102.967
0,3.14159,3.14159,3.14159,3.14159,3.14159
83.7967,85.5135,84.3937,84.1651,104.231,84.1651
118.887,249.59,115.866,124.592,118.887,55.4077
96.2033,94.4865,95.6063,95.8349,104.231,95.8349
298.887,290.41,64.1336,235.408,298.887,304.592
6
5.62536e-08,7.59241e-08,6.21649e-08,5.97032e-08,5.76582e-08,5.97032e-08
-92.5502,-105.155,-103.418,-103.067,-102.764,-103.067
0,3.14159,3.14159,3.14159,3.14159,3.14159
83.8772,85.4674,84.4613,84.2322,104.052,84.2322
118.474,249.37,115.53,124.136,118.474,55.8641
96.1228,94.5326,95.5387,95.7678,104.052,95.7678
298.474,290.63,64.4703,235.864,298.474,304.136
6
5.69834e-08,7.51473e-08,6.29144e-08,6.03913e-08,5.83705e-08,6.03913e-08
-92.6622,-105.065,-103.522,-103.167,-102.871,-103.167
0,3.14159,3.14159,3.14159,3.14159,3.14159
83.9559,85.4204,84.5275,84.2981,103.878,84.2981
118.072,249.146,115.201,123.69,118.072,56.3099
96.0441,94.5796,95.4725,95.7019,103.878,95.7019
298.072,290.854,64.7989,236.31,298.072,303.69
6
5.7716e-08,7.43716e-08,6.3666e-08,6.1083e-08,5.90859e-08,6.1083e-08
-92.7731,-104.975,-103.625,-103.266,-102.977,-103.266
0,3.14159,3.14159,3.14159,3.14159,3.14159
84.0329,85.3726,84.5923,84.3629,103.706,84.3629
117.681,248.916,114.88,123.254,117.681,56.7456
95.9671,94.6274,95.4077,95.6371,103.706,95.6371
297.681,291.084,65.1196,236.746,297.681,303.254
6
5.84513e-08,7.35973e-08,6.44196e-08,6.17783e-08,5.98043e-08,6.17783e-08
-92.8831,-104.884,-103.728,-103.364,-103.082,-103.364
0,3.14159,3.14159,3.14159,3.14159,3.14159
84.1082,85.3238,84.6558,84.4266,103.538,84.4266
117.3,248.682,114.567,122.829,117.3,57.1715
95.8918,94.6762,95.3442,95.5734,103.538,95.5734
297.3,291.318,65.4328,237.171,297.3,302.829
6
5.91892e-08,7.28242e-08,6.51752e-08,6.24769e-08,6.05257e-08,6.24769e-08
-92.9921,-104.793,-103.829,-103.462,-103.186,-103.462
0,3.14159,3.14159,3.14159,3.14159,3.14159
84.1819,85.274,84.7179,84.4891,103.374,84.4891
116.928,248.443,114.261,122.412,116.928,57.5877
95.8181,94.726,95.2821,95.5109,103.374,95.5109
296.928,291.557,65.7387,237.588,296.928,302.412
6
5.99296e-08,7.20525e-08,6.59326e-08,6.31788e-08,6.12499e-08,6.31788e-08
-93.1,-104.7,-103.929,-103.559,-103.289,-103.559
0,3.14159,3.14159,3.14159,3.14159,3.14159
84.2541,85.2233,84.7787,84.5505,103.213,84.5505
116.565,248.199,113.962,122.005,116.565,57.9946
95.7459,94.7767,95.2213,95.4495,103.213,95.4495
296.565,291.801,66.0375,237.995,296.565,302.005
6
6.06724e-08,7.12821e-08,6.66919e-08,6.38838e-08,6.19769e-08,6.38838e-08
-93.207,-104.607,-104.029,-103.655,-103.392,-103.655
0,3.14159,3.14159,3.14159,3.14159,3.14159
84.3246,85.1716,84.8383,84.6108,103.055,84.6108
116.211,247.949,113.671,121.608,116.211,58.3925
95.6754,94.8284,95.1617,95.3892,103.055,95.3892
296.211,292.051,66.3295,238.392,296.211,301.608
6
6.14175e-08,7.05132e-08,6.74529e-08,6.45919e-08,6.27065e-08,6.45919e-08
-93.3131,-104.513,-104.127,-103.751,-103.493,-103.751
0,3.14159,3.14159,3.14159,3.14159,3.14159
84.3937,85.1188,84.8967,84.6701,102.901,84.6701
115.866,247.694,113.385,121.218,115.866,58.7816
95.6063,94.8812,95.1033,95.3299,102.901,95.3299
295.866,292.306,66.6148,238.782,295.866,301.218
6
6.21649e-08,6.97458e-08,6.82155e-08,6.53029e-08,6.34387e-08,6.53029e-08
-93.4181,-104.418,-104.225,-103.846,-103.594,-103.846
0,3.14159,3.14159,3.14159,3.14159,3.14159
84.4613,85.0649,84.9539,84.7283,102.749,84.7283
115.53,247.433,113.106,120.838,115.53,59.1622
95.5387,94.9351,95.0461,95.2717,102.749,95.2717
295.53,292.567,66.8937,239.162,295.53,300.838
6
6.29144e-08,6.89799e-08,6.89799e-08,6.60168e-08,6.41734e-08,6.60168e-08
-93.5222,-104.322,-104.322,-103.94,-103.694,-103.94
0,3.14159,3.14159,3.14159,3.14159,3.14159
84.5275,85.01,85.01,84.7854,102.601,84.7854
115.201,247.166,112.834,120.466,115.201,59.5345
95.4725,94.99,94.99,95.2146,102.601,95.2146
295.201,292.834,67.1663,239.534,295.201,300.466
6
6.3666e-08,6.82155e-08,6.97458e-08,6.67335e-08,6.49104e-08,6.67335e-08
-93.6254,-104.225,-104.418,-104.034,-103.794,-104.034
0,3.14159,3.14159,3.14159,3.14159,3.14159
84.5923,84.9539,85.0649,84.8416,102.456,84.8416
114.88,246.894,112.567,120.101,114.88,59.8987
95.4077,95.0461,94.9351,95.1584,102.456,95.1584
294.88,293.106,67.433,239.899,294.88,300.101
6
6.44196e-08,6.74529e-08,7.05132e-08,6.74529e-08,6.56497e-08,6.74529e-08
-93.7276,-104.127,-104.513,-104.127,-103.892,-104.127
0,3.14159,3.14159,3.14159,3.14159,3.14159
84.6558,84.8967,85.1188,84.8967,102.313,84.8967
114.567,246.615,112.306,119.745,114.567,60.2551
95.3442,95.1033,94.8812,95.1033,102.313,95.1033
294.567,293.385,67.6938,240.255,294.567,299.745
6
6.3666e-08,6.82155e-08,6.97458e-08,6.67335e-08,6.49104e-08,6.67335e-08
-93.6254,-104.225,-104.418,-104.034,-103.794,-104.034
0,3.14159,3.14159,3.14159,3.14159,3.14159
84.5923,84.9539,85.0649,84.8416,102.456,84.8416
114.88,246.894,112.567,120.101,114.88,59.8987
95.4077,95.0461,94.9351,95.1584,102.456,95.1584
294.88,293.106,67.433,239.899,294.88,300.101
6
6.29144e-08,6.89799e-08,6.89799e-08,6.60168e-08,6.41734e-08,6.60168e-08
-93.5222,-104.322,-104.322,-103.94,-103.694,-103.94
0,3.14159,3.14159,3.14159,3.14159,3.14159
84.5275,85.01,85.01,84.7854,102.601,84.7854
115.201,247.166,112.834,120.466,115.201,59.5345
95.4725,94.99,94.99,95.2146,102.601,95.2146
295.201,292.834,67.1663,239.534,295.201,300.466
6
6.21649e-08,6.97458e-08,6.82155e-08,6.53029e-08,6.34387e-08,6.53029e-08
-93.4181,-104.418,-104.225,-103.846,-103.594,-103.846
0,3.14159,3.14159,3.14159,3.14159,3.14159
84.4613,85.0649,84.9539,84.7283,102.749,84.7283
115.53,247.433,113.106,120.838,115.53,59.1622
95.5387,94.9351,95.0461,95.2717,102.749,95.2717
295.53,292.567,66.8937,239.162,295.53,300.838
6
6.14175e-08,7.05132e-08,6.74529e-08,6.45919e-08,6.27065e-08,6.45919e-08
-93.3131,-104.513,-104.127,-103.751,-103.493,-103.751
0,3.14159,3.14159,3.14159,3.14159,3.14159
84.3937,85.1188,84.8967,84.6701,102.901,84.6701
115.866,247.694,113.385,121.218,115.866,58.7816
95.6063,94.8812,95.1033,95.3299,102.901,95.3299
295.866,292.306,66.6148,238.782,295.866,301.218
6
6.06724e-08,7.12821e-08,6.66919e-08,6.38838e-08,6.19769e-08,6.38838e-08
-93.207,-104.607,-104.029,-103.655,-103.392,-103.655
0,3.14159,3.14159,3.14159,3.14159,3.14159
84.3246,85.1716,84.8383,84.6108,103.055,84.6108
116.211,247.949,113.671,121.608,116.211,58.3925
95.6754,94.8284,95.1617,95.3892,103.055,95.3892
296.211,292.051,66.3295,238.392,296.211,301.608
6
5.99296e-08,7.20525e-08,6.59326e-08,6.31788e-08,6.12499e-08,6.31788e-08
-93.1,-104.7,-103.929,-103.559,-103.289,-103.559
0,3.14159,3.14159,3.14159,3.14159,3.14159
84.2541,85.2233,84.7787,84.5505,103.213,84.5505
116.565,248.199,113.962,122.005,116.565,57.9946
95.7459,94.7767,95.2213,95.4495,103.213,95.4495
296.565,291.801,66.0375,237.995,296.565,302.005
6
5.91892e-08,7.28242e-08,6.51752e-08,6.24769e-08,6.05257e-08,6.24769e-08
-92.9921,-104.793,-103.829,-103.462,-103.186,-103.462
0,3.14159,3.14159,3.14159,3.14159,3.14159
84.1819,85.274,84.7179,84.4891,103.374,84.4891
116.928,248.443,114.261,122.412,116.928,57.5877
95.8181,94.726,95.2821,95.5109,103.374,95.5109
296.928,291.557,65.7387,237.588,296.928,302.412
6
5.84513e-08,7.35973e-08,6.44196e-08,6.17783e-08,5.98043e-08,6.17783e-08
-92.8831,-104.884,-103.728,-103.364,-103.082,-103.364
0,3.14159,3.14159,3.14159,3.14159,3.14159
84.1082,85.3238,84.6558,84.4266,103.538,84.4266
117.3,248.682,114.567,122.829,117.3,57.1715
95.8918,94.6762,95.3442,95.5734,103.538,95.5734
297.3,291.318,65.4328,237.171,297.3,302.829
6
5.7716e-08,7.43716e-08,6.3666e-08,6.1083e-08,5.90859e-08,6.1083e-08
-92.7731,-104.975,-103.625,-103.266,-102.977,-103.266
0,3.14159,3.14159,3.14159,3.14159,3.14159
84.0329,85.3726,84.5923,84.3629,103.706,84.3629
117.681,248.916,114.88,123.254,117.681,56.7456
95.9671,94.6274,95.4077,95.6371,103.706,95.6371
297.681,291.084,65.1196,236.746,297.681,303.254
6
5.69834e-08,7.51473e-08,6.29144e-08,6.03913e-08,5.83705e-08,6.03913e-08
-92.6622,-105.065,-103.522,-103.167,-102.871,-103.167
0,3.14159,3.14159,3.14159,3.14159,3.14159
83.9559,85.4204,84.5275,84.2981,103.878,84.2981
118.072,249.146,115.201,123.69,118.072,56.3099
96.0441,94.5796,95.4725,95.7019,103.878,95.7019
298.072,290.854,64.7989,236.31,298.072,303.69
6
5.62536e-08,7.59241e-08,6.21649e-08,5.97032e-08,5.76582e-08,5.97032e-08
-92.5502,-105.155,-103.418,-103.067,-102.764,-103.067
0,3.14159,3.14159,3.14159,3.14159,3.14159
83.8772,85.4674,84.4613,84.2322,104.052,84.2322
118.474,249.37,115.53,124.136,118.474,55.8641
96.1228,94.5326,95.5387,95.7678,104.052,95.7678
298.474,290.63,64.4703,235.864,298.474,304.136
6
5.55268e-08,7.67022e-08,6.14175e-08,5.90188e-08,5.69493e-08,5.90188e-08
-92.4373,-105.243,-103.313,-102.967,-102.657,-102.967
0,3.14159,3.14159,3.14159,3.14159,3.14159
83.7967,85.5135,84.3937,84.1651,104.231,84.1651
118.887,249.59,115.866,124.592,118.887,55.4077
96.2033,94.4865,95.6063,95.8349,104.231,95.8349
298.887,290.41,64.1336,235.408,298.887,304.592
6
5.48029e-08,7.74814e-08,6.06724e-08,5.83383e-08,5.62438e-08,5.83383e-08
-92.3233,-105.331,-103.207,-102.866,-102.549,-102.866
0,3.14159,3.14159,3.14159,3.14159,3.14159
83.7145,85.5587,84.3246,84.0968,104.413,84.0968
119.31,249.806,116.211,125.059,119.31,54.9406
96.2855,94.4413,95.6754,95.9032,104.413,95.9032
299.31,290.194,63.7886,234.941,299.31,305.059
6
5.40822e-08,7.82617e-08,5.99296e-08,5.76618e-08,5.55418e-08,5.76618e-08
-92.2083,-105.418,-103.1,-102.765,-102.44,-102.765
0,3.14159,3.14159,3.14159,3.14159,3.14159
83.6304,85.6031,84.2541,84.0273,104.6,84.0273
119.745,250.017,116.565,125.538,119.745,54.4623
96.3696,94.3969,95.7459,95.9727,104.6,95.9727
299.745,289.983,63.4349,234.462,299.745,305.538
6
5.33648e-08,7.90431e-08,5.91892e-08,5.69895e-08,5.48435e-08,5.69895e-08
-92.0923,-105.504,-102.992,-102.663,-102.33,-102.663
0,3.14159,3.14159,3.14159,3.14159,3.14159
83.5444,85.6466,84.1819,83.9566,104.79,83.9566
120.192,250.224,116.928,126.027,120.192,53.9726
96.4556,94.3534,95.8181,96.0434,104.79,96.0434
300.192,289.776,63.0723,233.973,300.192,306.027
6
5.26508e-08,7.98255e-08,5.84513e-08,5.63215e-08,5.4149e-08,5.63215e-08
-91.9753,-105.59,-102.883,-102.561,-102.219,-102.561
0,3.14159,3.14159,3.14159,3.14159,3.14159
83.4565,85.6894,84.1082,83.8846,104.984,83.8846
120.651,250.427,117.3,126.529,120.651,53.4711
96.5435,94.3106,95.8918,96.1154,104.984,96.1154
300.651,289.573,62.7004,233.471,300.651,306.529
6
5.19404e-08,8.0609e-08,5.7716e-08,5.56579e-08,5.34584e-08,5.56579e-08
-91.8573,-105.675,-102.773,-102.458,-102.108,-102.458
0,3.14159,3.14159,3.14159,3.14159,3.14159
83.3666,85.7313,84.0329,83.8114,105.182,83.8114
121.122,250.626,117.681,127.042,121.122,52.9575
96.6334,94.2687,95.9671,96.1886,105.182,96.1886
301.122,289.374,62.3189,232.958,301.122,307.042
6
5.12337e-08,8.13934e-08,5.69834e-08,5.4999e-08,5.2772e-08,5.4999e-08
-91.7383,-105.759,-102.662,-102.354,-101.995,-102.354
0,3.14159,3.14159,3.14159,3.14159,3.14159
83.2746,85.7725,83.9559,83.737,105.384,83.737
121.608,250.821,118.072,127.569,121.608,52.4314
96.7254,94.2275,96.0441,96.263,105.384,96.263
301.608,289.179,61.9275,232.431,301.608,307.569
6
5.05308e-08,8.21788e-08,5.62536e-08,5.43448e-08,5.20899e-08,5.43448e-08
-91.6183,-105.842,-102.55,-102.25,-101.882,-102.25
0,3.14159,3.14159,3.14159,3.14159,3.14159
83.1806,85.813,83.8772,83.6613,105.591,83.6613
122.106,251.012,118.474,128.108,122.106,51.8924
96.8194,94.187,96.1228,96.3387,105.591,96.3387
302.106,288.988,61.5258,231.892,302.106,308.108
6
4.98319e-08,8.29652e-08,5.55268e-08,5.36956e-08,5.14123e-08,5.36956e-08
-91.4974,-105.925,-102.437,-102.146,-101.769,-102.146
0,3.14159,3.14159,3.14159,3.14159,3.14159
83.0845,85.8528,83.7967,83.5843,105.802,83.5843
122.619,251.2,118.887,128.66,122.619,51.3402
96.9155,94.1472,96.2033,96.4157,105.802,96.4157
302.619,288.8,61.1134,231.34,302.619,308.66
6
4.91373e-08,8.37524e-08,5.48029e-08,5.30516e-08,5.07393e-08,5.30516e-08
-91.3754,-106.007,-102.323,-102.041,-101.654,-102.041
0,3.14159,3.14159,3.14159,3.14159,3.14159
82.9863,85.8918,83.7145,83.5061,106.017,83.5061
123.147,251.384,119.31,129.226,123.147,50.7743
97.0137,94.1082,96.2855,96.4939,106.017,96.4939
303.147,288.616,60.69,230.774,303.147,309.226
6
4.8447e-08,8.45406e-08,5.40822e-08,5.24129e-08,5.00711e-08,5.24129e-08
-91.2526,-106.089,-102.208,-101.936,-101.539,-101.936
0,3.14159,3.14159,3.14159,3.14159,3.14159
82.8858,85.9302,83.6304,83.4266,106.236,83.4266
123.69,251.565,119.745,129.806,123.69,50.1944
97.1142,94.0698,96.3696,96.5734,106.236,96.5734
303.69,288.435,60.2551,230.194,303.69,309.806
6
4.77613e-08,8.53296e-08,5.33648e-08,5.17797e-08,4.94079e-08,5.17797e-08
-91.1287,-106.169,-102.092,-101.83,-101.423,-101.83
0,3.14159,3.14159,3.14159,3.14159,3.14159
82.7832,85.9679,83.5444,83.3459,106.461,83.3459
124.249,251.742,120.192,130.4,124.249,49.6001
97.2168,94.0321,96.4556,96.6541,106.461,96.6541
304.249,288.258,59.8084,229.6,304.249,310.4
6
4.70803e-08,8.61194e-08,5.26508e-08,5.11523e-08,4.87499e-08,5.11523e-08
-91.004,-106.249,-101.975,-101.725,-101.307,-101.725
0,3.14159,3.14159,3.14159,3.14159,3.14159
82.6782,86.0049,83.4565,83.2639,106.689,83.2639
124.824,251.917,120.651,131.009,124.824,48.9909
97.3218,93.9951,96.5435,96.7361,106.689,96.7361
304.824,288.083,59.3493,228.991,304.824,311.009
6
4.64043e-08,8.69101e-08,5.19404e-08,5.05308e-08,4.80974e-08,5.05308e-08
-90.8784,-106.329,-101.857,-101.618,-101.19,-101.618
0,3.14159,3.14159,3.14159,3.14159,3.14159
82.571,86.0413,83.3666,83.1806,106.922,83.1806
125.417,252.087,121.122,131.634,125.417,48.3665
97.429,93.9587,96.6334,96.8194,106.922,96.8194
305.417,287.913,58.8775,228.366,305.417,311.634
6
4.57335e-08,8.77015e-08,5.12337e-08,4.99155e-08,4.74506e-08,4.99155e-08
-90.7519,-106.407,-101.738,-101.512,-101.072,-101.512
0,3.14159,3.14159,3.14159,3.14159,3.14159
82.4614,86.0771,83.2746,83.0962,107.16,83.0962
126.027,252.255,121.608,132.274,126.027,47.7263
97.5386,93.9229,96.7254,96.9038,107.16,96.9038
306.027,287.745,58.3925,227.726,306.027,312.274
6
4.50682e-08,8.84937e-08,5.05308e-08,4.93066e-08,4.68096e-08,4.93066e-08
-90.6246,-106.485,-101.618,-101.405,-100.954,-101.405
0,3.14159,3.14159,3.14159,3.14159,3.14159
82.3494,86.1123,83.1806,83.0105,107.403,83.0105
126.656,252.42,122.106,132.93,126.656,47.07
97.6506,93.8877,96.8194,96.9895,107.403,96.9895
306.656,287.58,57.8937,227.07,306.656,312.93
6
4.44085e-08,8.92867e-08,4.98319e-08,4.87043e-08,4.61748e-08,4.87043e-08
-90.4965,-106.563,-101.497,-101.299,-100.835,-101.299
0,3.14159,3.14159,3.14159,3.14159,3.14159
82.2351,86.1469,83.0845,82.9236,107.65,82.9236
127.304,252.582,122.619,133.603,127.304,46.3972
97.7649,93.8531,96.9155,97.0764,107.65,97.0764
307.304,287.418,57.3808,226.397,307.304,313.603
6
4.37547e-08,9.00804e-08,4.91373e-08,4.8109e-08,4.55464e-08,4.8109e-08
-90.3677,-106.64,-101.375,-101.192,-100.716,-101.192
0,3.14159,3.14159,3.14159,3.14159,3.14159
82.1183,86.1809,82.9863,82.8356,107.901,82.8356
127.972,252.741,123.147,134.293,127.972,45.7073
97.8817,93.8191,97.0137,97.1644,107.901,97.1644
307.972,287.259,56.853,225.707,307.972,314.293
