7
5.66667e-08,6.33333e-08,6.33333e-08,8.25295e-08,5.72286e-08,5.70575e-08,5.79233e-08
-92.6138,-103.58,-103.58,-105.879,-102.699,-102.673,-102.804
0,3.14159,3.14159,3.14159,3.14159,3.14159,3.14159
90,90,90,90,98.0357,90,78.0434
270,270,90,223.363,270,276.71,270
90,90,90,90,98.0357,90,78.0434
90,270,90,136.637,90,83.2902,90
7
5.58333e-08,6.25e-08,6.41667e-08,8.19595e-08,5.64036e-08,5.62299e-08,5.71083e-08
-92.4851,-103.465,-103.693,-105.819,-102.573,-102.547,-102.681
0,3.14159,3.14159,3.14159,3.14159,3.14159,3.14159
90,90,90,90,98.154,90,77.8702
270,270,90,222.94,270,276.809,270
90,90,90,90,98.154,90,77.8702
90,270,90,137.06,90,83.1909,90
7
5.5e-08,6.16667e-08,6.5e-08,8.13941e-08,5.55788e-08,5.54026e-08,5.62939e-08
-92.3545,-103.348,-103.805,-105.759,-102.445,-102.418,-102.556
0,3.14159,3.14159,3.14159,3.14159,3.14159,3.14159
90,90,90,90,98.2759,90,77.692
270,270,90,222.51,270,276.911,270
90,90,90,90,98.2759,90,77.692
90,270,90,137.49,90,83.0888,90
7
5.41667e-08,6.08333e-08,6.58333e-08,8.08333e-08,5.47542e-08,5.45754e-08,5.548e-08
-92.2219,-103.23,-103.916,-105.699,-102.316,-102.287,-102.43
0,3.14159,3.14159,3.14159,3.14159,3.14159,3.14159
90,90,90,90,98.4014,90,77.5085
270,270,90,222.075,270,277.017,270
90,90,90,90,98.4014,90,77.5085
90,270,90,137.925,90,82.9835,90
7
5.33333e-08,6e-08,6.66667e-08,8.02773e-08,5.393e-08,5.37484e-08,5.46667e-08
-92.0872,-103.11,-104.025,-105.639,-102.184,-102.155,-102.302
0,3.14159,3.14159,3.14159,3.14159,3.14159,3.14159
90,90,90,90,98.5308,90,77.3196
270,270,90,221.634,270,277.125,270
90,90,90,90,98.5308,90,77.3196
90,270,90,138.366,90,82.875,90
7
5.25e-08,5.91667e-08,6.75e-08,7.97261e-08,5.3106e-08,5.29216e-08,5.3854e-08
-91.9504,-102.989,-104.133,-105.579,-102.05,-102.02,-102.172
0,3.14159,3.14159,3.14159,3.14159,3.14159,3.14159
90,90,90,90,98.6641,90,77.125
270,270,90,221.186,270,277.237,270
90,90,90,90,98.6641,90,77.125
90,270,90,138.814,90,82.7631,90
7
5.16667e-08,5.83333e-08,6.83333e-08,7.91798e-08,5.22824e-08,5.2095e-08,5.30419e-08
-91.8114,-102.866,-104.24,-105.52,-101.914,-101.883,-102.04
0,3.14159,3.14159,3.14159,3.14159,3.14159,3.14159
90,90,90,90,98.8017,90,76.9244
270,270,90,220.732,270,277.352,270
90,90,90,90,98.8017,90,76.9244
90,270,90,139.268,90,82.6476,90
7
5.08333e-08,5.75e-08,6.91667e-08,7.86386e-08,5.1459e-08,5.12686e-08,5.22305e-08
-91.6702,-102.741,-104.345,-105.46,-101.776,-101.744,-101.906
0,3.14159,3.14159,3.14159,3.14159,3.14159,3.14159
90,90,90,90,98.9437,90,76.7176
270,270,90,220.272,270,277.472,270
90,90,90,90,98.9437,90,76.7176
90,270,90,139.728,90,82.5284,90
7
5e-08,5.66667e-08,7e-08,7.81025e-08,5.0636e-08,5.04425e-08,5.14198e-08
-91.5266,-102.614,-104.449,-105.401,-101.636,-101.603,-101.77
0,3.14159,3.14159,3.14159,3.14159,3.14159,3.14159
90,90,90,90,99.0903,90,76.5043
270,270,90,219.806,270,277.595,270
90,90,90,90,99.0903,90,76.5043
90,270,90,140.194,90,82.4054,90
7
4.91667e-08,5.58333e-08,7.08333e-08,7.75717e-08,4.98133e-08,4.96166e-08,5.06099e-08
-91.3806,-102.485,-104.552,-105.341,-101.494,-101.46,-101.632
0,3.14159,3.14159,3.14159,3.14159,3.14159,3.14159
90,90,90,90,99.2417,90,76.2841
270,270,90,219.333,270,277.722,270
90,90,90,90,99.2417,90,76.2841
90,270,90,140.667,90,82.2782,90
7
4.83333e-08,5.5e-08,7.16667e-08,7.70462e-08,4.89909e-08,4.87909e-08,4.98007e-08
-91.2322,-102.354,-104.654,-105.282,-101.35,-101.314,-101.492
0,3.14159,3.14159,3.14159,3.14159,3.14159,3.14159
90,90,90,90,99.3982,90,76.0568
270,270,90,218.853,270,277.853,270
90,90,90,90,99.3982,90,76.0568
90,270,90,141.147,90,82.1467,90
7
4.75e-08,5.41667e-08,7.25e-08,7.65261e-08,4.8169e-08,4.79656e-08,4.89923e-08
-91.0811,-102.222,-104.754,-105.223,-101.203,-101.166,-101.35
0,3.14159,3.14159,3.14159,3.14159,3.14159,3.14159
90,90,90,90,99.5601,90,75.8219
270,270,90,218.367,270,277.989,270
90,90,90,90,99.5601,90,75.8219
90,270,90,141.633,90,82.0107,90
7
4.66667e-08,5.33333e-08,7.33333e-08,7.60117e-08,4.73474e-08,4.71405e-08,4.81848e-08
-90.9274,-102.087,-104.853,-105.165,-101.053,-101.015,-101.205
0,3.14159,3.14159,3.14159,3.14159,3.14159,3.14159
90,90,90,90,99.7276,90,75.5792
270,270,90,217.875,270,278.13,270
90,90,90,90,99.7276,90,75.5792
90,270,90,142.125,90,81.8699,90
7
4.58333e-08,5.25e-08,7.41667e-08,7.55029e-08,4.65263e-08,4.63156e-08,4.73782e-08
-90.7709,-101.95,-104.951,-105.106,-100.901,-100.862,-101.059
0,3.14159,3.14159,3.14159,3.14159,3.14159,3.14159
90,90,90,90,99.901,90,75.3282
270,270,90,217.376,270,278.276,270
90,90,90,90,99.901,90,75.3282
90,270,90,142.624,90,81.7241,90
7
4.5e-08,5.16667e-08,7.5e-08,7.5e-08,4.57056e-08,4.54911e-08,4.65725e-08
-90.6115,-101.811,-105.048,-105.048,-100.747,-100.706,-100.91
0,3.14159,3.14159,3.14159,3.14159,3.14159,3.14159
90,90,90,90,100.081,90,75.0686
270,270,90,216.87,270,278.427,270
90,90,90,90,100.081,90,75.0686
90,270,90,143.13,90,81.573,90
7
4.41667e-08,5.08333e-08,7.58333e-08,7.4503e-08,4.48853e-08,4.4667e-08,4.57678e-08
-90.4491,-101.67,-105.144,-104.991,-100.589,-100.547,-100.758
0,3.14159,3.14159,3.14159,3.14159,3.14159,3.14159
90,90,90,90,100.267,90,74.7998
270,270,90,216.357,270,278.584,270
90,90,90,90,100.267,90,74.7998
90,270,90,143.643,90,81.4164,90
7
4.33333e-08,5e-08,7.66667e-08,7.4012e-08,4.40656e-08,4.38432e-08,4.49642e-08
-90.2837,-101.527,-105.239,-104.933,-100.429,-100.385,-100.605
0,3.14159,3.14159,3.14159,3.14159,3.14159,3.14159
90,90,90,90,100.46,90,74.5214
270,270,90,215.838,270,278.746,270
90,90,90,90,100.46,90,74.5214
90,270,90,144.162,90,81.2538,90
7
4.25e-08,4.91667e-08,7.75e-08,7.35272e-08,4.32464e-08,4.30197e-08,4.41616e-08
-90.115,-101.381,-105.333,-104.876,-100.266,-100.221,-100.448
0,3.14159,3.14159,3.14159,3.14159,3.14159,3.14159
90,90,90,90,100.66,90,74.2328
270,270,90,215.311,270,278.915,270
90,90,90,90,100.66,90,74.2328
90,270,90,144.689,90,81.0851,90
7
4.16667e-08,4.83333e-08,7.83333e-08,7.30487e-08,4.24277e-08,4.21966e-08,4.33602e-08
-89.943,-101.232,-105.426,-104.819,-100.1,-100.053,-100.289
0,3.14159,3.14159,3.14159,3.14159,3.14159,3.14159
90,90,90,90,100.869,90,73.9336
270,270,90,214.778,270,279.09,270
90,90,90,90,100.869,90,73.9336
90,270,90,145.222,90,80.9097,90
7
4.08333e-08,4.75e-08,7.91667e-08,7.25766e-08,4.16096e-08,4.1374e-08,4.25601e-08
-89.7675,-101.081,-105.518,-104.763,-99.9311,-99.8818,-100.127
0,3.14159,3.14159,3.14159,3.14159,3.14159,3.14159
90,90,90,90,101.085,90,73.6231
270,270,90,214.237,270,279.273,270
90,90,90,90,101.085,90,73.6231
90,270,90,145.763,90,80.7274,90
7
4e-08,4.66667e-08,8e-08,7.2111e-08,4.07922e-08,4.05518e-08,4.17612e-08
-89.5884,-100.927,-105.609,-104.707,-99.7588,-99.7074,-99.9627
0,3.14159,3.14159,3.14159,3.14159,3.14159,3.14159
90,90,90,90,101.31,90,73.3008
270,270,90,213.69,270,279.462,270
90,90,90,90,101.31,90,73.3008
90,270,90,146.31,90,80.5377,90
7
3.91667e-08,4.58333e-08,8.08333e-08,7.16521e-08,3.99753e-08,3.973e-08,4.09637e-08
-89.4056,-100.771,-105.699,-104.652,-99.5831,-99.5296,-99.7952
0,3.14159,3.14159,3.14159,3.14159,3.14159,3.14159
90,90,90,90,101.544,90,72.9658
270,270,90,213.136,270,279.66,270
90,90,90,90,101.544,90,72.9658
90,270,90,146.864,90,80.3401,90
7
3.83333e-08,4.5e-08,8.16667e-08,7.12e-08,3.91592e-08,3.89087e-08,4.01677e-08
-89.2188,-100.611,-105.788,-104.597,-99.4039,-99.3482,-99.6248
0,3.14159,3.14159,3.14159,3.14159,3.14159,3.14159
90,90,90,90,101.788,90,72.6176
270,270,90,212.574,270,279.866,270
90,90,90,90,101.788,90,72.6176
90,270,90,147.426,90,80.1342,90
7
3.75e-08,4.41667e-08,8.25e-08,7.07549e-08,3.83438e-08,3.8088e-08,3.93732e-08
-89.0278,-100.449,-105.876,-104.542,-99.2211,-99.163,-99.4512
0,3.14159,3.14159,3.14159,3.14159,3.14159,3.14159
90,90,90,90,102.043,90,72.2553
270,270,90,212.005,270,280.081,270
90,90,90,90,102.043,90,72.2553
90,270,90,147.995,90,79.9194,90
7
3.66667e-08,4.33333e-08,8.33333e-08,7.03167e-08,3.75292e-08,3.72678e-08,3.85804e-08
-88.8327,-100.284,-105.964,-104.488,-99.0346,-98.9739,-99.2745
0,3.14159,3.14159,3.14159,3.14159,3.14159,3.14159
90,90,90,90,102.308,90,71.8781
270,270,90,211.43,270,280.305,270
90,90,90,90,102.308,90,71.8781
90,270,90,148.57,90,79.6952,90
7
3.58333e-08,4.25e-08,8.41667e-08,6.98858e-08,3.67155e-08,3.64482e-08,3.77893e-08
-88.633,-100.115,-106.05,-104.435,-98.8442,-98.7807,-99.0946
0,3.14159,3.14159,3.14159,3.14159,3.14159,3.14159
90,90,90,90,102.585,90,71.4851
270,270,90,210.847,270,280.539,270
90,90,90,90,102.585,90,71.4851
90,270,90,149.153,90,79.4608,90
7
3.5e-08,4.16667e-08,8.5e-08,6.94622e-08,3.59026e-08,3.56293e-08,3.7e-08
-88.4286,-99.943,-106.136,-104.382,-98.6498,-98.5834,-98.9113
0,3.14159,3.14159,3.14159,3.14159,3.14159,3.14159
90,90,90,90,102.875,90,71.0754
270,270,90,210.256,270,280.784,270
90,90,90,90,102.875,90,71.0754
90,270,90,149.744,90,79.2157,90
7
3.41667e-08,4.08333e-08,8.58333e-08,6.90461e-08,3.50908e-08,3.4811e-08,3.62127e-08
-88.2193,-99.7675,-106.22,-104.33,-98.4511,-98.3816,-98.7244
0,3.14159,3.14159,3.14159,3.14159,3.14159,3.14159
90,90,90,90,103.178,90,70.6477
270,270,90,209.659,270,281.041,270
90,90,90,90,103.178,90,70.6477
90,270,90,150.341,90,78.9591,90
7
3.33333e-08,4e-08,8.66667e-08,6.86375e-08,3.42799e-08,3.39935e-08,3.54275e-08
-88.0048,-99.5884,-106.304,-104.278,-98.248,-98.1751,-98.534
0,3.14159,3.14159,3.14159,3.14159,3.14159,3.14159
90,90,90,90,103.496,90,70.2011
270,270,90,209.055,270,281.31,270
90,90,90,90,103.496,90,70.2011
90,270,90,150.945,90,78.6901,90
7
3.25e-08,3.91667e-08,8.75e-08,6.82367e-08,3.34701e-08,3.31767e-08,3.46446e-08
-87.7849,-99.4056,-106.387,-104.228,-98.0404,-97.9639,-98.3399
0,3.14159,3.14159,3.14159,3.14159,3.14159,3.14159
90,90,90,90,103.829,90,69.7343
270,270,90,208.443,270,281.592,270
90,90,90,90,103.829,90,69.7343
90,270,90,151.557,90,78.4078,90
7
3.16667e-08,3.83333e-08,8.83333e-08,6.78438e-08,3.26616e-08,3.23608e-08,3.38641e-08
-87.5593,-99.2188,-106.47,-104.177,-97.828,-97.7476,-98.142
0,3.14159,3.14159,3.14159,3.14159,3.14159,3.14159
90,90,90,90,104.178,90,69.2459
270,270,90,207.824,270,281.889,270
90,90,90,90,104.178,90,69.2459
90,270,90,152.176,90,78.1113,90
7
3.08333e-08,3.75e-08,8.91667e-08,6.74588e-08,3.18543e-08,3.15458e-08,3.30862e-08
-87.3276,-99.0278,-106.551,-104.128,-97.6106,-97.5261,-97.9402
0,3.14159,3.14159,3.14159,3.14159,3.14159,3.14159
90,90,90,90,104.545,90,68.7346
270,270,90,207.198,270,282.2,270
90,90,90,90,104.545,90,68.7346
90,270,90,152.802,90,77.7995,90
7
3e-08,3.66667e-08,9e-08,6.7082e-08,3.10483e-08,3.07318e-08,3.2311e-08
-87.0896,-98.8327,-106.632,-104.079,-97.388,-97.299,-97.7342
0,3.14159,3.14159,3.14159,3.14159,3.14159,3.14159
90,90,90,90,104.931,90,68.1986
270,270,90,206.565,270,282.529,270
90,90,90,90,104.931,90,68.1986
90,270,90,153.435,90,77.4712,90
7
2.91667e-08,3.58333e-08,9.08333e-08,6.67135e-08,3.02439e-08,2.99189e-08,3.15388e-08
-86.845,-98.633,-106.712,-104.032,-97.16,-97.0661,-97.5241
0,3.14159,3.14159,3.14159,3.14159,3.14159,3.14159
90,90,90,90,105.338,90,67.6363
270,270,90,205.925,270,282.875,270
90,90,90,90,105.338,90,67.6363
90,270,90,154.075,90,77.125,90
7
2.83333e-08,3.5e-08,9.16667e-08,6.63534e-08,2.94411e-08,2.91071e-08,3.07698e-08
-86.5932,-98.4286,-106.791,-103.984,-96.9263,-96.8272,-97.3097
0,3.14159,3.14159,3.14159,3.14159,3.14159,3.14159
90,90,90,90,105.767,90,67.0459
270,270,90,205.278,270,283.241,270
90,90,90,90,105.767,90,67.0459
90,270,90,154.722,90,76.7595,90
7
2.75e-08,3.41667e-08,9.25e-08,6.60019e-08,2.864e-08,2.82965e-08,3.00042e-08
-86.3339,-98.2193,-106.87,-103.938,-96.6867,-96.5819,-97.0909
0,3.14159,3.14159,3.14159,3.14159,3.14159,3.14159
90,90,90,90,106.22,90,66.4253
270,270,90,204.624,270,283.627,270
90,90,90,90,106.22,90,66.4253
90,270,90,155.376,90,76.373,90
7
2.66667e-08,3.33333e-08,9.33333e-08,6.56591e-08,2.78408e-08,2.74874e-08,2.92423e-08
-86.0666,-98.0048,-106.948,-103.893,-96.4409,-96.3299,-96.8674
0,3.14159,3.14159,3.14159,3.14159,3.14159,3.14159
90,90,90,90,106.699,90,65.7723
270,270,90,203.962,270,284.036,270
90,90,90,90,106.699,90,65.7723
90,270,90,156.038,90,75.9638,90
7
2.58333e-08,3.25e-08,9.41667e-08,6.5325e-08,2.70437e-08,2.66797e-08,2.84844e-08
-85.7908,-97.7849,-107.025,-103.849,-96.1885,-96.0708,-96.6394
0,3.14159,3.14159,3.14159,3.14159,3.14159,3.14159
90,90,90,90,107.207,90,65.0844
270,270,90,203.295,270,284.47,270
90,90,90,90,107.207,90,65.0844
90,270,90,156.705,90,75.5297,90
7
2.5e-08,3.16667e-08,9.5e-08,6.5e-08,2.62488e-08,2.58736e-08,2.77308e-08
-85.506,-97.5593,-107.102,-103.805,-95.9294,-95.8044,-96.4065
0,3.14159,3.14159,3.14159,3.14159,3.14159,3.14159
90,90,90,90,107.745,90,64.359
270,270,90,202.62,270,284.931,270
90,90,90,90,107.745,90,64.359
90,270,90,157.38,90,75.0686,90
7
2.41667e-08,3.08333e-08,9.58333e-08,6.46841e-08,2.54564e-08,2.50693e-08,2.6982e-08
-85.2116,-97.3276,-107.178,-103.763,-95.6632,-95.5301,-96.1687
0,3.14159,3.14159,3.14159,3.14159,3.14159,3.14159
90,90,90,90,108.316,90,63.5932
270,270,90,201.938,270,285.422,270
90,90,90,90,108.316,90,63.5932
90,270,90,158.062,90,74.5778,90
7
2.33333e-08,3e-08,9.66667e-08,6.43774e-08,2.46667e-08,2.4267e-08,2.62382e-08
-84.9068,-97.0896,-107.253,-103.722,-95.3894,-95.2476,-95.9259
0,3.14159,3.14159,3.14159,3.14159,3.14159,3.14159
90,90,90,90,108.925,90,62.7839
270,270,90,201.251,270,285.945,270
90,90,90,90,108.925,90,62.7839
90,270,90,158.749,90,74.0546,90
7
2.25e-08,2.91667e-08,9.75e-08,6.408e-08,2.38799e-08,2.34669e-08,2.55e-08
-84.5909,-96.845,-107.327,-103.682,-95.1079,-94.9563,-95.678
0,3.14159,3.14159,3.14159,3.14159,3.14159,3.14159
90,90,90,90,109.573,90,61.9275
270,270,90,200.556,270,286.504,270
90,90,90,90,109.573,90,61.9275
90,270,90,159.444,90,73.4956,90
7
2.16667e-08,2.83333e-08,9.83333e-08,6.37922e-08,2.30964e-08,2.26691e-08,2.47678e-08
-84.2631,-96.5932,-107.401,-103.643,-94.8181,-94.6559,-95.425
0,3.14159,3.14159,3.14159,3.14159,3.14159,3.14159
90,90,90,90,110.266,90,61.0203
270,270,90,199.855,270,287.103,270
90,90,90,90,110.266,90,61.0203
90,270,90,160.145,90,72.8973,90
7
2.08333e-08,2.75e-08,9.91667e-08,6.3514e-08,2.23165e-08,2.1874e-08,2.40422e-08
-83.9224,-96.3339,-107.475,-103.605,-94.5198,-94.3458,-95.1667
0,3.14159,3.14159,3.14159,3.14159,3.14159,3.14159
90,90,90,90,111.007,90,60.0581
270,270,90,199.148,270,287.745,270
90,90,90,90,111.007,90,60.0581
90,270,90,160.852,90,72.2553,90
7
2e-08,2.66667e-08,1e-07,6.32456e-08,2.15407e-08,2.10819e-08,2.33238e-08
-83.5678,-96.0666,-107.547,-103.568,-94.2124,-94.0254,-94.9032
0,3.14159,3.14159,3.14159,3.14159,3.14159,3.14159
90,90,90,90,111.801,90,59.0362
270,270,90,198.435,270,288.435,270
90,90,90,90,111.801,90,59.0362
90,270,90,161.565,90,71.5651,90
7
1.91667e-08,2.58333e-08,1.00833e-07,6.2987e-08,2.07692e-08,2.0293e-08,2.26133e-08
-83.1982,-95.7908,-107.619,-103.532,-93.8956,-93.6941,-94.6345
0,3.14159,3.14159,3.14159,3.14159,3.14159,3.14159
90,90,90,90,112.655,90,57.9499
270,270,90,197.716,270,289.179,270
90,90,90,90,112.655,90,57.9499
90,270,90,162.284,90,70.821,90
7
1.83333e-08,2.5e-08,1.01667e-07,6.27384e-08,2.00028e-08,1.95078e-08,2.19114e-08
-82.8121,-95.506,-107.691,-103.498,-93.569,-93.3514,-94.3606
0,3.14159,3.14159,3.14159,3.14159,3.14159,3.14159
90,90,90,90,113.575,90,56.7934
270,270,90,196.991,270,289.983,270
90,90,90,90,113.575,90,56.7934
90,270,90,163.009,90,70.0169,90
7
1.75e-08,2.41667e-08,1.025e-07,6.25e-08,1.92419e-08,1.87268e-08,2.12191e-08
-82.408,-95.2116,-107.762,-103.465,-93.2322,-92.9965,-94.0818
0,3.14159,3.14159,3.14159,3.14159,3.14159,3.14159
90,90,90,90,114.567,90,55.561
270,270,90,196.26,270,290.854,270
90,90,90,90,114.567,90,55.561
90,270,90,163.74,90,69.1455,90
7
1.66667e-08,2.33333e-08,1.03333e-07,6.22718e-08,1.84872e-08,1.79505e-08,2.05372e-08
-81.9842,-94.9068,-107.832,-103.433,-92.8847,-92.6288,-93.7981
0,3.14159,3.14159,3.14159,3.14159,3.14159,3.14159
90,90,90,90,115.641,90,54.2461
270,270,90,195.524,270,291.801,270
90,90,90,90,115.641,90,54.2461
90,270,90,164.476,90,68.1986,90
7
1.58333e-08,2.25e-08,1.04167e-07,6.2054e-08,1.77396e-08,1.71796e-08,1.98669e-08
-81.5387,-94.5909,-107.902,-103.403,-92.5261,-92.2475,-93.5098
0,3.14159,3.14159,3.14159,3.14159,3.14159,3.14159
90,90,90,90,116.806,90,52.8417
270,270,90,194.783,270,292.834,270
90,90,90,90,116.806,90,52.8417
90,270,90,165.217,90,67.1663,90
7
1.5e-08,2.16667e-08,1.05e-07,6.18466e-08,1.7e-08,1.64148e-08,1.92094e-08
-81.069,-94.2631,-107.971,-103.374,-92.1562,-91.8519,-93.2175
0,3.14159,3.14159,3.14159,3.14159,3.14159,3.14159
90,90,90,90,118.072,90,51.3402
270,270,90,194.036,270,293.962,270
90,90,90,90,118.072,90,51.3402
90,270,90,165.964,90,66.0375,90
7
1.41667e-08,2.08333e-08,1.05833e-07,6.16498e-08,1.62694e-08,1.56569e-08,1.85659e-08
-80.5726,-93.9224,-108.04,-103.346,-91.7747,-91.4413,-92.9216
0,3.14159,3.14159,3.14159,3.14159,3.14159,3.14159
90,90,90,90,119.454,90,49.7334
270,270,90,193.285,270,295.201,270
90,90,90,90,119.454,90,49.7334
90,270,90,166.715,90,64.7989,90
7
1.33333e-08,2e-08,1.06667e-07,6.14636e-08,1.55492e-08,1.49071e-08,1.79382e-08
-80.046,-93.5678,-108.108,-103.32,-91.3814,-91.0151,-92.6228
0,3.14159,3.14159,3.14159,3.14159,3.14159,3.14159
90,90,90,90,120.964,90,48.0128
270,270,90,192.529,270,296.565,270
90,90,90,90,120.964,90,48.0128
90,270,90,167.471,90,63.4349,90
7
1.25e-08,1.91667e-08,1.075e-07,6.12883e-08,1.48408e-08,1.41667e-08,1.73277e-08
-79.4854,-93.1982,-108.175,-103.295,-90.9764,-90.5726,-92.3221
0,3.14159,3.14159,3.14159,3.14159,3.14159,3.14159
90,90,90,90,122.619,90,46.1691
270,270,90,191.768,270,298.072,270
90,90,90,90,122.619,90,46.1691
90,270,90,168.232,90,61.9275,90
7
1.16667e-08,1.83333e-08,1.08333e-07,6.11237e-08,1.41461e-08,1.34371e-08,1.67365e-08
-78.8862,-92.8121,-108.242,-103.271,-90.5599,-90.1133,-92.0205
0,3.14159,3.14159,3.14159,3.14159,3.14159,3.14159
90,90,90,90,124.439,90,44.1931
270,270,90,191.004,270,299.745,270
90,90,90,90,124.439,90,44.1931
90,270,90,168.996,90,60.2551,90
7
1.08333e-08,1.75e-08,1.09167e-07,6.09702e-08,1.3467e-08,1.27203e-08,1.61667e-08
-78.2425,-92.408,-108.309,-103.25,-90.1327,-89.6372,-91.7196
0,3.14159,3.14159,3.14159,3.14159,3.14159,3.14159
90,90,90,90,126.444,90,42.075
270,270,90,190.235,270,301.608,270
90,90,90,90,126.444,90,42.075
90,270,90,169.765,90,58.3925,90
7
1e-08,1.66667e-08,1.1e-07,6.08276e-08,1.28062e-08,1.20185e-08,1.56205e-08
-77.5472,-91.9842,-108.375,-103.229,-89.6957,-89.1442,-91.4211
0,3.14159,3.14159,3.14159,3.14159,3.14159,3.14159
90,90,90,90,128.66,90,39.8056
270,270,90,189.462,270,303.69,270
90,90,90,90,128.66,90,39.8056
90,270,90,170.538,90,56.3099,90
7
9.16667e-09,1.58333e-08,1.10833e-07,6.06962e-08,1.21667e-08,1.13346e-08,1.51006e-08
-76.7915,-91.5387,-108.441,-103.21,-89.2507,-88.6353,-91.1271
0,3.14159,3.14159,3.14159,3.14159,3.14159,3.14159
90,90,90,90,131.112,90,37.3758
270,270,90,188.686,270,306.027,270
90,90,90,90,131.112,90,37.3758
90,270,90,171.314,90,53.9726,90
7
8.33333e-09,1.5e-08,1.11667e-07,6.05759e-08,1.15518e-08,1.06719e-08,1.46097e-08
-75.9636,-91.069,-108.506,-103.193,-88.8002,-88.112,-90.8401
0,3.14159,3.14159,3.14159,3.14159,3.14159,3.14159
90,90,90,90,133.831,90,34.7778
270,270,90,187.907,270,308.66,270
90,90,90,90,133.831,90,34.7778
90,270,90,172.093,90,51.3402,90
7
7.5e-09,1.41667e-08,1.125e-07,6.04669e-08,1.09659e-08,1.00347e-08,1.4151e-08
-75.0484,-90.5726,-108.57,-103.178,-88.3481,-87.5773,-90.5629
0,3.14159,3.14159,3.14159,3.14159,3.14159,3.14159
90,90,90,90,136.848,90,32.0054
270,270,90,187.125,270,311.634,270
90,90,90,90,136.848,90,32.0054
90,270,90,172.875,90,48.3665,90
7
6.66667e-09,1.33333e-08,1.13333e-07,6.03692e-08,1.04137e-08,9.42809e-09,1.37275e-08
-74.0254,-90.046,-108.634,-103.164,-87.8993,-87.0357,-90.2991
0,3.14159,3.14159,3.14159,3.14159,3.14159,3.14159
90,90,90,90,140.194,90,29.0546
270,270,90,186.34,270,315,270
90,90,90,90,140.194,90,29.0546
90,270,90,173.66,90,45,90
7
5.83333e-09,1.25e-08,1.14167e-07,6.02829e-08,9.9009e-09,8.85845e-09,1.33427e-08
-72.8656,-89.4854,-108.698,-103.151,-87.4607,-86.4944,-90.0521
0,3.14159,3.14159,3.14159,3.14159,3.14159,3.14159
90,90,90,90,143.902,90,25.9249
270,270,90,185.553,270,318.814,270
90,90,90,90,143.902,90,25.9249
90,270,90,174.447,90,41.1859,90
7
5e-09,1.16667e-08,1.15e-07,6.0208e-08,9.43398e-09,8.33333e-09,1.3e-08
-71.5266,-88.8862,-108.761,-103.14,-87.0411,-85.9636,-89.8261
0,3.14159,3.14159,3.14159,3.14159,3.14159,3.14159
90,90,90,90,147.995,90,22.6199
270,270,90,184.764,270,323.13,270
90,90,90,90,147.995,90,22.6199
90,270,90,175.236,90,36.8699,90
7
4.16667e-09,1.08333e-08,1.15833e-07,6.01445e-08,9.02004e-09,7.86165e-09,1.27028e-08
-69.943,-88.2425,-108.824,-103.131,-86.6514,-85.4575,-89.6252
0,3.14159,3.14159,3.14159,3.14159,3.14159,3.14159
90,90,90,90,152.488,90,19.1481
270,270,90,183.972,270,327.995,270
90,90,90,90,152.488,90,19.1481
90,270,90,176.028,90,32.0054,90
7
3.33333e-09,1e-08,1.16667e-07,6.00925e-08,8.66667e-09,7.45356e-09,1.24544e-08
-68.0048,-87.5472,-108.886,-103.124,-86.3043,-84.9945,-89.4537
0,3.14159,3.14159,3.14159,3.14159,3.14159,3.14159
90,90,90,90,157.38,90,15.5241
270,270,90,183.18,270,333.435,270
90,90,90,90,157.38,90,15.5241
90,270,90,176.82,90,26.5651,90
7
2.5e-09,9.16667e-09,1.175e-07,6.00521e-08,8.38153e-09,7.12e-09,1.22577e-08
-65.506,-86.7915,-108.948,-103.118,-86.0137,-84.5968,-89.3154
0,3.14159,3.14159,3.14159,3.14159,3.14159,3.14159
90,90,90,90,162.646,90,11.7683
270,270,90,182.386,270,339.444,270
90,90,90,90,162.646,90,11.7683
90,270,90,177.614,90,20.556,90
7
1.66667e-09,8.33333e-09,1.18333e-07,6.00231e-08,8.17177e-09,6.87184e-09,1.21152e-08
-61.9842,-85.9636,-109.009,-103.114,-85.7935,-84.2887,-89.2138
0,3.14159,3.14159,3.14159,3.14159,3.14159,3.14159
90,90,90,90,168.232,90,7.90716
270,270,90,181.591,270,345.964,270
90,90,90,90,168.232,90,7.90716
90,270,90,178.409,90,14.0362,90
7
8.33333e-10,7.5e-09,1.19167e-07,6.00058e-08,8.04329e-09,6.71855e-09,1.20289e-08
-55.9636,-85.0484,-109.07,-103.111,-85.6559,-84.0927,-89.1517
0,3.14159,3.14159,3.14159,3.14159,3.14159,3.14159
90,90,90,90,174.053,90,3.9725
270,270,90,180.796,270,352.875,270
90,90,90,90,174.053,90,3.9725
90,270,90,179.204,90,7.12502,90
7
0,6.66667e-09,1.2e-07,6e-08,8e-09,6.66667e-09,1.2e-08
Inf,-84.0254,-109.131,-103.11,-85.609,-84.0254,-89.1308
0,3.14159,3.14159,3.14159,3.14159,3.14159,3.14159
NaN,90,90,90,180,90,0
0,270,90,180,0,0,0
NaN,90,90,90,180,90,0
0,270,90,180,0,0,0
7
8.33333e-10,5.83333e-09,1.20833e-07,6.00058e-08,8.04329e-09,6.71855e-09,1.20289e-08
-55.9636,-82.8656,-109.191,-103.111,-85.6559,-84.0927,-89.1517
0,3.14159,3.14159,3.14159,3.14159,3.14159,3.14159
90,90,90,90,174.053,90,3.9725
90,270,90,179.204,90,7.12502,90
90,90,90,90,174.053,90,3.9725
270,270,90,180.796,270,352.875,270
7
1.66667e-09,5e-09,1.21667e-07,6.00231e-08,8.17177e-09,6.87184e-09,1.21152e-08
-61.9842,-81.5266,-109.251,-103.114,-85.7935,-84.2887,-89.2138
0,3.14159,3.14159,3.14159,3.14159,3.14159,3.14159
90,90,90,90,168.232,90,7.90716
90,270,90,178.409,90,14.0362,90
90,90,90,90,168.232,90,7.90716
270,270,90,181.591,270,345.964,270
7
8.33333e-10,5.83333e-09,1.20833e-07,6.00058e-08,8.04329e-09,6.71855e-09,1.20289e-08
-55.9636,-82.8656,-109.191,-103.111,-85.6559,-84.0927,-89.1517
0,3.14159,3.14159,3.14159,3.14159,3.14159,3.14159
90,90,90,90,174.053,90,3.9725
90,270,90,179.204,90,7.12502,90
90,90,90,90,174.053,90,3.9725
270,270,90,180.796,270,352.875,270
7
0,6.66667e-09,1.2e-07,6e-08,8e-09,6.66667e-09,1.2e-08
Inf,-84.0254,-109.131,-103.11,-85.609,-84.0254,-89.1308
0,3.14159,3.14159,3.14159,3.14159,3.14159,3.14159
NaN,90,90,90,180,90,0
0,270,90,180,0,0,0
NaN,90,90,90,180,90,0
0,270,90,180,0,0,0
7
8.33333e-10,7.5e-09,1.19167e-07,6.00058e-08,8.04329e-09,6.71855e-09,1.20289e-08
-55.9636,-85.0484,-109.07,-103.111,-85.6559,-84.0927,-89.1517
0,3.14159,3.14159,3.14159,3.14159,3.14159,3.14159
90,90,90,90,174.053,90,3.9725
270,270,90,180.796,270,352.875,270
90,90,90,90,174.053,90,3.9725
90,270,90,179.204,90,7.12502,90
7
1.66667e-09,8.33333e-09,1.18333e-07,6.00231e-08,8.17177e-09,6.87184e-09,1.21152e-08
-61.9842,-85.9636,-109.009,-103.114,-85.7935,-84.2887,-89.2138
0,3.14159,3.14159,3.14159,3.14159,3.14159,3.14159
90,90,90,90,168.232,90,7.90716
270,270,90,181.591,270,345.964,270
90,90,90,90,168.232,90,7.90716
90,270,90,178.409,90,14.0362,90
7
2.5e-09,9.16667e-09,1.175e-07,6.00521e-08,8.38153e-09,7.12e-09,1.22577e-08
-65.506,-86.7915,-108.948,-103.118,-86.0137,-84.5968,-89.3154
0,3.14159,3.14159,3.14159,3.14159,3.14159,3.14159
90,90,90,90,162.646,90,11.7683
270,270,90,182.386,270,339.444,270
90,90,90,90,162.646,90,11.7683
90,270,90,177.614,90,20.556,90
7
3.33333e-09,1e-08,1.16667e-07,6.00925e-08,8.66667e-09,7.45356e-09,1.24544e-08
-68.0048,-87.5472,-108.886,-103.124,-86.3043,-84.9945,-89.4537
0,3.14159,3.14159,3.14159,3.14159,3.14159,3.14159
90,90,90,90,157.38,90,15.5241
270,270,90,183.18,270,333.435,270
90,90,90,90,157.38,90,15.5241
90,270,90,176.82,90,26.5651,90
7
4.16667e-09,1.08333e-08,1.15833e-07,6.01445e-08,9.02004e-09,7.86165e-09,1.27028e-08
-69.943,-88.2425,-108.824,-103.131,-86.6514,-85.4575,-89.6252
0,3.14159,3.14159,3.14159,3.14159,3.14159,3.14159
90,90,90,90,152.488,90,19.1481
270,270,90,183.972,270,327.995,270
90,90,90,90,152.488,90,19.1481
90,270,90,176.028,90,32.0054,90
7
5e-09,1.16667e-08,1.15e-07,6.0208e-08,9.43398e-09,8.33333e-09,1.3e-08
-71.5266,-88.8862,-108.761,-103.14,-87.0411,-85.9636,-89.8261
0,3.14159,3.14159,3.14159,3.14159,3.14159,3.14159
90,90,90,90,147.995,90,22.6199
270,270,90,184.764,270,323.13,270
90,90,90,90,147.995,90,22.6199
90,270,90,175.236,90,36.8699,90
7
5.83333e-09,1.25e-08,1.14167e-07,6.02829e-08,9.9009e-09,8.85845e-09,1.33427e-08
-72.8656,-89.4854,-108.698,-103.151,-87.4607,-86.4944,-90.0521
0,3.14159,3.14159,3.14159,3.14159,3.14159,3.14159
90,90,90,90,143.902,90,25.9249
270,270,90,185.553,270,318.814,270
90,90,90,90,143.902,90,25.9249
90,270,90,174.447,90,41.1859,90
7
6.66667e-09,1.33333e-08,1.13333e-07,6.03692e-08,1.04137e-08,9.42809e-09,1.37275e-08
-74.0254,-90.046,-108.634,-103.164,-87.8993,-87.0357,-90.2991
0,3.14159,3.14159,3.14159,3.14159,3.14159,3.14159
90,90,90,90,140.194,90,29.0546
270,270,90,186.34,270,315,270
90,90,90,90,140.194,90,29.0546
90,270,90,173.66,90,45,90
7
7.5e-09,1.41667e-08,1.125e-07,6.04669e-08,1.09659e-08,1.00347e-08,1.4151e-08
-75.0484,-90.5726,-108.57,-103.178,-88.3481,-87.5773,-90.5629
0,3.14159,3.14159,3.14159,3.14159,3.14159,3.14159
90,90,90,90,136.848,90,32.0054
270,270,90,187.125,270,311.634,270
90,90,90,90,136.848,90,32.0054
90,270,90,172.875,90,48.3665,90
7
8.33333e-09,1.5e-08,1.11667e-07,6.05759e-08,1.15518e-08,1.06719e-08,1.46097e-08
-75.9636,-91.069,-108.506,-103.193,-88.8002,-88.112,-90.8401
0,3.14159,3.14159,3.14159,3.14159,3.14159,3.14159
90,90,90,90,133.831,90,34.7778
270,270,90,187.907,270,308.66,270
90,90,90,90,133.831,90,34.7778
90,270,90,172.093,90,51.3402,90
7
9.16667e-09,1.58333e-08,1.10833e-07,6.06962e-08,1.21667e-08,1.13346e-08,1.51006e-08
-76.7915,-91.5387,-108.441,-103.21,-89.2507,-88.6353,-91.1271
0,3.14159,3.14159,3.14159,3.14159,3.14159,3.14159
90,90,90,90,131.112,90,37.3758
270,270,90,188.686,270,306.027,270
90,90,90,90,131.112,90,37.3758
90,270,90,171.314,90,53.9726,90
7
1e-08,1.66667e-08,1.1e-07,6.08276e-08,1.28062e-08,1.20185e-08,1.56205e-08
-77.5472,-91.9842,-108.375,-103.229,-89.6957,-89.1442,-91.4211
0,3.14159,3.14159,3.14159,3.14159,3.14159,3.14159
90,90,90,90,128.66,90,39.8056
270,270,90,189.462,270,303.69,270
90,90,90,90,128.66,90,39.8056
90,270,90,170.538,90,56.3099,90
7
1.08333e-08,1.75e-08,1.09167e-07,6.09702e-08,1.3467e-08,1.27203e-08,1.61667e-08
-78.2425,-92.408,-108.309,-103.25,-90.1327,-89.6372,-91.7196
0,3.14159,3.14159,3.14159,3.14159,3.14159,3.14159
90,90,90,90,126.444,90,42.075
270,270,90,190.235,270,301.608,270
90,90,90,90,126.444,90,42.075
90,270,90,169.765,90,58.3925,90
7
1.16667e-08,1.83333e-08,1.08333e-07,6.11237e-08,1.41461e-08,1.34371e-08,1.67365e-08
-78.8862,-92.8121,-108.242,-103.271,-90.5599,-90.1133,-92.0205
0,3.14159,3.14159,3.14159,3.14159,3.14159,3.14159
90,90,90,90,124.439,90,44.1931
270,270,90,191.004,270,299.745,270
90,90,90,90,124.439,90,44.1931
90,270,90,168.996,90,60.2551,90
7
1.25e-08,1.91667e-08,1.075e-07,6.12883e-08,1.48408e-08,1.41667e-08,1.73277e-08
-79.4854,-93.1982,-108.175,-103.295,-90.9764,-90.5726,-92.3221
0,3.14159,3.14159,3.14159,3.14159,3.14159,3.14159
90,90,90,90,122.619,90,46.1691
270,270,90,191.768,270,298.072,270
90,90,90,90,122.619,90,46.1691
90,270,90,168.232,90,61.9275,90
7
1.33333e-08,2e-08,1.06667e-07,6.14636e-08,1.55492e-08,1.49071e-08,1.79382e-08
-80.046,-93.5678,-108.108,-103.32,-91.3814,-91.0151,-92.6228
0,3.14159,3.14159,3.14159,3.14159,3.14159,3.14159
90,90,90,90,120.964,90,48.0128
270,270,90,192.529,270,296.565,270
90,90,90,90,120.964,90,48.0128
90,270,90,167.471,90,63.4349,90
7
1.41667e-08,2.08333e-08,1.05833e-07,6.16498e-08,1.62694e-08,1.56569e-08,1.85659e-08
-80.5726,-93.9224,-108.04,-103.346,-91.7747,-91.4413,-92.9216
0,3.14159,3.14159,3.14159,3.14159,3.14159,3.14159
90,90,90,90,119.454,90,49.7334
270,270,90,193.285,270,295.201,270
90,90,90,90,119.454,90,49.7334
90,270,90,166.715,90,64.7989,90
7
1.5e-08,2.16667e-08,1.05e-07,6.18466e-08,1.7e-08,1.64148e-08,1.92094e-08
-81.069,-94.2631,-107.971,-103.374,-92.1562,-91.8519,-93.2175
0,3.14159,3.14159,3.14159,3.14159,3.14159,3.14159
90,90,90,90,118.072,90,51.3402
270,270,90,194.036,270,293.962,270
90,90,90,90,118.072,90,51.3402
90,270,90,165.964,90,66.0375,90
7
1.58333e-08,2.25e-08,1.04167e-07,6.2054e-08,1.77396e-08,1.71796e-08,1.98669e-08
-81.5387,-94.5909,-107.902,-103.403,-92.5261,-92.2475,-93.5098
0,3.14159,3.14159,3.14159,3.14159,3.14159,3.14159
90,90,90,90,116.806,90,52.8417
270,270,90,194.783,270,292.834,270
90,90,90,90,116.806,90,52.8417
90,270,90,165.217,90,67.1663,90
7
1.66667e-08,2.33333e-08,1.03333e-07,6.22718e-08,1.84872e-08,1.79505e-08,2.05372e-08
-81.9842,-94.9068,-107.832,-103.433,-92.8847,-92.6288,-93.7981
0,3.14159,3.14159,3.14159,3.14159,3.14159,3.14159
90,90,90,90,115.641,90,54.2461
270,270,90,195.524,270,291.801,270
90,90,90,90,115.641,90,54.2461
90,270,90,164.476,90,68.1986,90
7
1.75e-08,2.41667e-08,1.025e-07,6.25e-08,1.92419e-08,1.87268e-08,2.12191e-08
-82.408,-95.2116,-107.762,-103.465,-93.2322,-92.9965,-94.0818
0,3.14159,3.14159,3.14159,3.14159,3.14159,3.14159
90,90,90,90,114.567,90,55.561
270,270,90,196.26,270,290.854,270
90,90,90,90,114.567,90,55.561
90,270,90,163.74,90,69.1455,90
7
1.83333e-08,2.5e-08,1.01667e-07,6.27384e-08,2.00028e-08,1.95078e-08,2.19114e-08
-82.8121,-95.506,-107.691,-103.498,-93.569,-93.3514,-94.3606
0,3.14159,3.14159,3.14159,3.14159,3.14159,3.14159
90,90,90,90,113.575,90,56.7934
270,270,90,196.991,270,289.983,270
90,90,90,90,113.575,90,56.7934
90,270,90,163.009,90,70.0169,90
7
1.91667e-08,2.58333e-08,1.00833e-07,6.2987e-08,2.07692e-08,2.0293e-08,2.26133e-08
-83.1982,-95.7908,-107.619,-103.532,-93.8956,-93.6941,-94.6345
0,3.14159,3.14159,3.14159,3.14159,3.14159,3.14159
90,90,90,90,112.655,90,57.9499
270,270,90,197.716,270,289.179,270
90,90,90,90,112.655,90,57.9499
90,270,90,162.284,90,70.821,90
7
2e-08,2.66667e-08,1e-07,6.32456e-08,2.15407e-08,2.10819e-08,2.33238e-08
-83.5678,-96.0666,-107.547,-103.568,-94.2124,-94.0254,-94.9032
0,3.14159,3.14159,3.14159,3.14159,3.14159,3.14159
90,90,90,90,111.801,90,59.0362
270,270,90,198.435,270,288.435,270
90,90,90,90,111.801,90,59.0362
90,270,90,161.565,90,71.5651,90
7
2.08333e-08,2.75e-08,9.91667e-08,6.3514e-08,2.23165e-08,2.1874e-08,2.40422e-08
-83.9224,-96.3339,-107.475,-103.605,-94.5198,-94.3458,-95.1667
0,3.14159,3.14159,3.14159,3.14159,3.14159,3.14159
90,90,90,90,111.007,90,60.0581
270,270,90,199.148,270,287.745,270
90,90,90,90,111.007,90,60.0581
90,270,90,160.852,90,72.2553,90
7
2.16667e-08,2.83333e-08,9.83333e-08,6.37922e-08,2.30964e-08,2.26691e-08,2.47678e-08
-84.2631,-96.5932,-107.401,-103.643,-94.8181,-94.6559,-95.425
0,3.14159,3.14159,3.14159,3.14159,3.14159,3.14159
90,90,90,90,110.266,90,61.0203
270,270,90,199.855,270,287.103,270
90,90,90,90,110.266,90,61.0203
90,270,90,160.145,90,72.8973,90
7
2.25e-08,2.91667e-08,9.75e-08,6.408e-08,2.38799e-08,2.34669e-08,2.55e-08
-84.5909,-96.845,-107.327,-103.682,-95.1079,-94.9563,-95.678
0,3.14159,3.14159,3.14159,3.14159,3.14159,3.14159
90,90,90,90,109.573,90,61.9275
270,270,90,200.556,270,286.504,270
90,90,90,90,109.573,90,61.9275
90,270,90,159.444,90,73.4956,90
7
2.33333e-08,3e-08,9.66667e-08,6.43774e-08,2.46667e-08,2.4267e-08,2.62382e-08
-84.9068,-97.0896,-107.253,-103.722,-95.3894,-95.2476,-95.9259
0,3.14159,3.14159,3.14159,3.14159,3.14159,3.14159
90,90,90,90,108.925,90,62.7839
270,270,90,201.251,270,285.945,270
90,90,90,90,108.925,90,62.7839
90,270,90,158.749,90,74.0546,90
