-1.44458367700543,0.0188091280733591,-1.00263525491562,0,0,0
-1.44376970735628,0.0186875318090242,-1.00271740285991,0,0,0
-1.44295619728697,0.0185655246776627,-1.0027984763551,0,0,0
-1.44214313000305,0.0184431093617426,-1.00287846827126,0,0,0
-1.44133048867108,0.0183202885527063,-1.00295737157357,0,0,0
-1.44051825642019,0.0181970649509117,-1.00303517932294,0,0,0
-1.43970641634352,0.0180734412655722,-1.00311188467665,0,0,0
-1.43889495149973,0.0179494202146978,-1.00318748088889,0,0,0
-1.43808384491448,0.0178250045250348,-1.00326196131142,0,0,0
-1.43727307958192,0.0177001969320064,-1.00333531939414,0,0,0
-1.43646263846618,0.0175750001796519,-1.00340754868562,0,0,0
-1.4356525045029,0.0174494170205669,-1.00347864283372,0,0,0
-1.43484266060067,0.0173234502158425,-1.00354859558613,0,0,0
-1.43403308964262,0.017197102535005,-1.00361740079091,0,0,0
-1.43322377448783,0.0170703767559543,-1.00368505239705,0,0,0
-1.43241469797291,0.0169432756649034,-1.00375154445498,0,0,0
-1.43160584291349,0.016815802056317,-1.00381687111712,0,0,0
-1.43079719210569,0.0166879587328499,-1.00388102663836,0,0,0
-1.4299887283277,0.0165597485052858,-1.00394400537661,0,0,0
-1.42918043434125,0.0164311741924749,-1.00400580179326,0,0,0
-1.42837229289314,0.0163022386212724,-1.00406641045366,0,0,0
-1.42756428671675,0.0161729446264761,-1.00412582602765,0,0,0
-1.42675639853356,0.0160432950507642,-1.00418404328997,0,0,0
-1.42594861105469,0.0159132927446328,-1.00424105712076,0,0,0
-1.4251409069824,0.015782940566333,-1.00429686250598,0,0,0
-1.42433326901159,0.0156522413818086,-1.00435145453787,0,0,0
-1.42352567983137,0.0155211980646323,-1.00440482841539,0,0,0
-1.42271812212657,0.0153898134959434,-1.00445697944461,0,0,0
-1.42191057857922,0.0152580905643836,-1.00450790303915,0,0,0
-1.42110303187013,0.0151260321660341,-1.0045575947206,0,0,0
-1.42029546468038,0.0149936412043518,-1.00460605011884,0,0,0
-1.41948785969284,0.0148609205901052,-1.00465326497252,0,0,0
-1.41868019959373,0.0147278732413108,-1.00469923512936,0,0,0
-1.41787246707409,0.0145945020831686,-1.00474395654655,0,0,0
-1.41706464483134,0.0144608100479979,-1.00478742529112,0,0,0
-1.41625671557079,0.0143268000751729,-1.00482963754023,0,0,0
-1.41544866200718,0.0141924751110581,-1.00487058958158,0,0,0
-1.41464046686614,0.0140578381089434,-1.00491027781365,0,0,0
-1.4138321128858,0.0139228920289791,-1.00494869874612,0,0,0
-1.41302358281821,0.0137876398381111,-1.00498584900007,0,0,0
-1.41221485943094,0.0136520845100154,-1.00502172530837,0,0,0
-1.41140592550856,0.0135162290250328,-1.00505632451591,0,0,0
-1.41059676385414,0.0133800763701036,-1.00508964357987,0,0,0
-1.40978735729078,0.0132436295387016,-1.00512167957006,0,0,0
-1.40897768866312,0.0131068915307682,-1.00515242966908,0,0,0
-1.40816774083886,0.012969865352647,-1.00518189117266,0,0,0
-1.40735749671024,0.0128325540170171,-1.00521006148981,0,0,0
-1.40654693919557,0.0126949605428273,-1.00523693814313,0,0,0
-1.40573605124069,0.0125570879552294,-1.00526251876898,0,0,0
-1.40492481582054,0.012418939285512,-1.00528680111768,0,0,0
-1.4041132159406,0.0122805175710334,-1.00530978305375,0,0,0
-1.4033012346384,0.0121418258551555,-1.00533146255606,0,0,0
-1.40248885498501,0.012002867187176,-1.00535183771802,0,0,0
-1.40167606008654,0.0118636446222624,-1.00537090674776,0,0,0
-1.40086283308562,0.0117241612213839,-1.00538866796827,0,0,0
-1.40004915716288,0.0115844200512445,-1.00540511981755,0,0,0
-1.39923501553842,0.0114444241842158,-1.00542026084876,0,0,0
-1.39842039147331,0.0113041766982689,-1.00543408973033,0,0,0
-1.39760526827104,0.0111636806769073,-1.0054466052461,0,0,0
-1.396789629279,0.0110229392090987,-1.00545780629539,0,0,0
-1.39597345788994,0.0108819553892071,-1.00546769189315,0,0,0
-1.39515673754342,0.0107407323169253,-1.00547626116999,0,0,0
-1.3943394517273,0.0105992730972059,-1.00548351337229,0,0,0
-1.39352158397914,0.0104575808401936,-1.00548944786226,0,0,0
-1.39270311788771,0.0103156586611569,-1.00549406411801,0,0,0
-1.39188403709438,0.0101735096804192,-1.00549736173355,0,0,0
-1.39106432529459,0.0100311370232904,-1.00549934041889,0,0,0
-1.39024396623925,0.00988854381999832,-1.0055,0,0,0
-1.38942294373623,0.00974573320561957,-1.00549934041889,0,0,0
-1.38860124165172,0.0096027083200109,-1.00549736173355,0,0,0
-1.38777884391168,0.00945947230774006,-1.00549406411801,0,0,0
-1.38695573450325,0.00931602831801663,-1.00548944786226,0,0,0
-1.38613189747616,0.00917237950462284,-1.00548351337229,0,0,0
-1.38530731694412,0.00902852902584418,-1.00547626116999,0,0,0
-1.38448197708625,0.00888448004440002,-1.00546769189315,0,0,0
-1.38365586214842,0.00874023572737401,-1.00545780629539,0,0,0
-1.38282895644469,0.0085957992461445,-1.0054466052461,0,0,0
-1.38200124435863,0.00845117377631478,-1.00543408973033,0,0,0
-1.38117271034476,0.00830636249764328,-1.00542026084876,0,0,0
-1.38034333892987,0.00816136859397365,-1.00540511981755,0,0,0
-1.37951311471439,0.00801619525316476,-1.00538866796827,0,0,0
-1.37868202237375,0.00787084566702062,-1.00537090674776,0,0,0
-1.37785004665974,0.00772532303122019,-1.00535183771802,0,0,0
-1.37701717240182,0.00757963054524713,-1.00533146255606,0,0,0
-1.37618338450848,0.00743377141231947,-1.00530978305375,0,0,0
-1.37534866796857,0.00728774883931912,-1.00528680111768,0,0,0
-1.37451300785257,0.00714156603672146,-1.00526251876898,0,0,0
-1.373676389314,0.00699522621852468,-1.00523693814313,0,0,0
-1.37283879759062,0.00684873260217914,-1.00521006148981,0,0,0
-1.37200021800579,0.00670208840851662,-1.00518189117266,0,0,0
-1.37116063596975,0.00655529686167955,-1.00515242966908,0,0,0
-1.37032003698091,0.00640836118905006,-1.00512167957006,0,0,0
-1.3694784066271,0.00626128462117905,-1.00508964357987,0,0,0
-1.36863573058685,0.0061140703917152,-1.00505632451591,0,0,0
-1.36779199463066,0.0059667217373338,-1.00502172530837,0,0,0
-1.36694718462225,0.00581924189766565,-1.00498584900007,0,0,0
-1.36610128651978,0.00567163411522579,-1.00494869874612,0,0,0
-1.36525428637711,0.00552390163534227,-1.00491027781365,0,0,0
-1.36440617034503,0.00537604770608471,-1.00487058958158,0,0,0
-1.36355692467243,0.00522807557819297,-1.00482963754023,0,0,0
-1.3627065357076,0.00507998850500562,-1.00478742529112,0,0,0
-1.36185498989932,0.00493178974238845,-1.00474395654655,0,0,0
-1.36100227379814,0.00478348254866288,-1.00469923512936,0,0,0
-1.36014837405753,0.00463507018453428,-1.00465326497252,0,0,0
-1.35929327743505,0.00448655591302034,-1.00460605011884,0,0,0
-1.3584369707935,0.00433794299937931,-1.0045575947206,0,0,0
-1.35757944110212,0.00418923471103818,-1.00450790303915,0,0,0
-1.3567206754377,0.00404043431752087,-1.00445697944461,0,0,0
-1.35586066098572,0.00389154509037633,-1.00440482841539,0,0,0
-1.3549993850415,0.00374257030310664,-1.00435145453787,0,0,0
-1.35413683501129,0.00359351323109501,-1.00429686250598,0,0,0
-1.35327299841339,0.00344437715153377,-1.00424105712076,0,0,0
-1.35240786287924,0.00329516534335232,-1.00418404328997,0,0,0
-1.35154141615452,0.00314588108714506,-1.00412582602765,0,0,0
-1.35067364610022,0.00299652766509922,-1.00406641045366,0,0,0
-1.34980454069372,0.00284710836092275,-1.00400580179326,0,0,0
-1.34893408802982,0.00269762645977205,-1.00394400537661,0,0,0
-1.34806227632181,0.00254808524817984,-1.00388102663836,0,0,0
-1.34718909390251,0.0023984880139828,-1.00381687111712,0,0,0
-1.34631452922525,0.00224883804624938,-1.00375154445498,0,0,0
-1.34543857086498,0.00209913863520739,-1.00368505239705,0,0,0
-1.34456120751916,0.00194939307217174,-1.00361740079091,0,0,0
-1.34368242800884,0.00179960464947204,-1.00354859558613,0,0,0
-1.34280222127962,0.0016497766603802,-1.00347864283372,0,0,0
-1.34192057640258,0.00149991239903808,-1.00340754868562,0,0,0
-1.34103748257532,0.001350015160385,-1.00333531939414,0,0,0
-1.34015292912284,0.00120008824008532,-1.00326196131142,0,0,0
-1.33926690549851,0.001050134934456,-1.00318748088889,0,0,0
-1.33837940128499,0.000900158540394105,-1.00311188467665,0,0,0
-1.33749040619517,0.000750162355304336,-1.00303517932294,0,0,0
-1.33659991007302,0.000600149677026509,-1.00295737157357,0,0,0
-1.33570790289455,0.000450123803763073,-1.00287846827126,0,0,0
-1.33481437476863,0.000300088034006573,-1.0027984763551,0,0,0
-1.33391931593791,0.000150045666467152,-1.00271740285991,0,0,0
-1.33302271677965,2.79029479840691e-18,-1.00263525491562,0,0,0
-1.33212456780656,-0.000150045666467149,-1.00255203974668,0,0,0
-1.33122485966767,-0.00030008803400657,-1.00246776467136,0,0,0
-1.33032358314912,-0.00045012380376307,-1.00238243710117,0,0,0
-1.32942072917496,-0.000600149677026507,-1.00229606454016,0,0,0
-1.32851628880801,-0.000750162355304334,-1.0022086545843,0,0,0
-1.32761025325056,-0.000900158540394102,-1.00212021492079,0,0,0
-1.32670261384522,-0.00105013493445599,-1.00203075332736,0,0,0
-1.32579336207562,-0.00120008824008531,-1.00194027767166,0,0,0
-1.32488248956723,-0.00135001516038499,-1.00184879591047,0,0,0
-1.323969988088,-0.00149991239903808,-1.00175631608909,0,0,0
-1.32305584954919,-0.0016497766603802,-1.00166284634058,0,0,0
-1.322140066006,-0.00179960464947203,-1.00156839488505,0,0,0
-1.3212226296583,-0.00194939307217174,-1.00147297002896,0,0,0
-1.32030353285133,-0.00209913863520739,-1.00137658016436,0,0,0
-1.31938276807634,-0.00224883804624937,-1.00127923376817,0,0,0
-1.31846032797127,-0.0023984880139828,-1.00118093940146,0,0,0
-1.31753620532142,-0.00254808524817984,-1.00108170570862,0,0,0
-1.31661039306002,-0.00269762645977205,-1.00098154141668,0,0,0
-1.31568288426893,-0.00284710836092274,-1.00088045533451,0,0,0
-1.31475367217919,-0.00299652766509922,-1.00077845635203,0,0,0
-1.31382275017163,-0.00314588108714506,-1.00067555343946,0,0,0
-1.31289011177747,-0.00329516534335232,-1.00057175564651,0,0,0
-1.31195575067887,-0.00344437715153377,-1.00046707210158,0,0,0
-1.31101966070949,-0.00359351323109501,-1.00036151201099,0,0,0
-1.31008183585504,-0.00374257030310664,-1.00025508465811,0,0,0
-1.3091422702538,-0.00389154509037632,-1.00014779940262,0,0,0
-1.30820095819714,-0.00404043431752086,-1.00003966567963,0,0,0
-1.30725789413001,-0.00418923471103818,-0.999930692998863,0,0,0
-1.30631307265146,-0.00433794299937931,-0.99982089094383,0,0,0
-1.30536648851508,-0.00448655591302034,-0.999710269170979,0,0,0
-1.30441813662948,-0.00463507018453427,-0.999598837408848,0,0,0
-1.30346801205872,-0.00478348254866287,-0.999486605457208,0,0,0
-1.30251611002277,-0.00493178974238845,-0.999373583186203,0,0,0
-1.30156242589793,-0.00507998850500561,-0.99925978053548,0,0,0
-1.30060695521719,-0.00522807557819296,-0.999145207513317,0,0,0
-1.29964969367069,-0.00537604770608471,-0.99902987419574,0,0,0
-1.29869063710605,-0.00552390163534226,-0.99891379072564,0,0,0
-1.29772978152876,-0.00567163411522579,-0.998796967311878,0,0,0
-1.29676712310251,-0.00581924189766564,-0.998679414228391,0,0,0
-1.29580265814955,-0.0059667217373338,-0.998561141813284,0,0,0
-1.29483638315099,-0.0061140703917152,-0.998442160467923,0,0,0
-1.29386829474716,-0.00626128462117905,-0.998322480656023,0,0,0
-1.29289838973782,-0.00640836118905005,-0.998202112902723,0,0,0
-1.29192666508251,-0.00655529686167954,-0.998081067793661,0,0,0
-1.29095311790082,-0.00670208840851662,-0.997959355974047,0,0,0
-1.28997774547258,-0.00684873260217913,-0.997836988147723,0,0,0
-1.28900054523816,-0.00699522621852468,-0.997713975076224,0,0,0
-1.28802151479869,-0.00714156603672146,-0.997590327577829,0,0,0
-1.28704065191623,-0.00728774883931912,-0.997466056526612,0,0,0
-1.286057954514,-0.00743377141231946,-0.997341172851485,0,0,0
-1.28507342067656,-0.00757963054524713,-0.997215687535237,0,0,0
-1.28408704864998,-0.00772532303122019,-0.997089611613567,0,0,0
-1.28309883684196,-0.00787084566702062,-0.996962956174115,0,0,0
-1.28210878382204,-0.00801619525316476,-0.996835732355484,0,0,0
-1.28111688832165,-0.00816136859397364,-0.996707951346266,0,0,0
-1.28012314923427,-0.00830636249764327,-0.996579624384053,0,0,0
-1.27912756561551,-0.00845117377631478,-0.99645076275445,0,0,0
-1.27813013668319,-0.0085957992461445,-0.996321377790084,0,0,0
-1.27713086181743,-0.00874023572737401,-0.996191480869604,0,0,0
-1.27612974056066,-0.00888448004440002,-0.996061083416686,0,0,0
-1.27512677261773,-0.00902852902584418,-0.995930196899021,0,0,0
-1.27412195785586,-0.00917237950462283,-0.995798832827314,0,0,0
-1.27311529630471,-0.00931602831801663,-0.995667002754265,0,0,0
-1.27210678815634,-0.00945947230774006,-0.995534718273559,0,0,0
-1.27109643376521,-0.0096027083200109,-0.995401991018841,0,0,0
-1.27008423364814,-0.00974573320561956,-0.995268832662697,0,0,0
-1.2690701884843,-0.00988854381999832,-0.995135254915624,0,0,0
-1.26805429911509,-0.0100311370232904,-0.995001269525005,0,0,0
-1.2670365665441,-0.0101735096804192,-0.99486688827407,0,0,0
-1.26601699193703,-0.0103156586611569,-0.994732122980864,0,0,0
-1.26499557662158,-0.0104575808401936,-0.994596985497207,0,0,0
-1.26397232208732,-0.0105992730972059,-0.994461487707648,0,0,0
-1.26294722998556,-0.0107407323169253,-0.994325641528425,0,0,0
-1.26192030212923,-0.0108819553892071,-0.994189458906416,0,0,0
-1.26089154049271,-0.0110229392090987,-0.994052951818085,0,0,0
-1.25986094721162,-0.0111636806769073,-0.993916132268431,0,0,0
-1.25882852458268,-0.0113041766982689,-0.993779012289933,0,0,0
-1.25779427506351,-0.0114444241842158,-0.993641603941492,0,0,0
-1.25675820127235,-0.0115844200512445,-0.993503919307367,0,0,0
-1.25572030598792,-0.0117241612213839,-0.993365970496117,0,0,0
-1.2546805921491,-0.0118636446222624,-0.993227769639531,0,0,0
-1.2536390628547,-0.012002867187176,-0.993089328891567,0,0,0
-1.25259572136322,-0.0121418258551555,-0.992950660427278,0,0,0
-1.2515505710925,-0.0122805175710334,-0.992811776441745,0,0,0
-1.25050361561946,-0.012418939285512,-0.992672689149001,0,0,0
-1.24945485867978,-0.0125570879552294,-0.992533410780959,0,0,0
-1.24840430416756,-0.0126949605428273,-0.992393953586338,0,0,0
-1.24735195613502,-0.0128325540170171,-0.992254329829581,0,0,0
-1.24629781879205,-0.012969865352647,-0.992114551789781,0,0,0
-1.24524189650596,-0.0131068915307682,-0.991974631759599,0,0,0
-1.244184193801,-0.0132436295387016,-0.991834582044183,0,0,0
-1.24312471535799,-0.0133800763701036,-0.991694414960084,0,0,0
-1.24206346601395,-0.0135162290250328,-0.991554142834179,0,0,0
-1.24100045076162,-0.0136520845100154,-0.991413778002581,0,0,0
-1.23993567474904,-0.013787639838111,-0.991273332809553,0,0,0
-1.23886914327909,-0.0139228920289791,-0.991132819606431,0,0,0
-1.23780086180906,-0.0140578381089434,-0.990992250750526,0,0,0
-1.23673083595012,-0.0141924751110581,-0.990851638604049,0,0,0
-1.23565907146685,-0.0143268000751729,-0.990710995533014,0,0,0
-1.23458557427675,-0.0144608100479979,-0.990570333906156,0,0,0
-1.23351035044967,-0.0145945020831686,-0.990429666093844,0,0,0
-1.23243340620734,-0.0147278732413108,-0.990289004466986,0,0,0
-1.23135474792276,-0.0148609205901052,-0.990148361395951,0,0,0
-1.23027438211971,-0.0149936412043518,-0.990007749249474,0,0,0
-1.22919231547209,-0.0151260321660341,-0.98986718039357,0,0,0
-1.22810855480342,-0.0152580905643835,-0.989726667190447,0,0,0
-1.22702310708617,-0.0153898134959434,-0.98958622199742,0,0,0
-1.22593597944118,-0.0155211980646323,-0.989445857165821,0,0,0
-1.22484717913706,-0.0156522413818086,-0.989305585039916,0,0,0
-1.22375671358947,-0.015782940566333,-0.989165417955817,0,0,0
-1.22266459036056,-0.0159132927446328,-0.989025368240401,0,0,0
-1.22157081715826,-0.0160432950507642,-0.988885448210219,0,0,0
-1.22047540183557,-0.0161729446264761,-0.988745670170419,0,0,0
-1.21937835238995,-0.0163022386212724,-0.988606046413662,0,0,0
-1.21827967696254,-0.0164311741924749,-0.988466589219041,0,0,0
-1.21717938383748,-0.0165597485052858,-0.988327310851,0,0,0
-1.21607748144121,-0.0166879587328499,-0.988188223558255,0,0,0
-1.21497397834164,-0.016815802056317,-0.988049339572722,0,0,0
-1.21386888324751,-0.0169432756649034,-0.987910671108433,0,0,0
-1.21276220500751,-0.0170703767559542,-0.987772230360469,0,0,0
-1.21165395260961,-0.017197102535005,-0.987634029503884,0,0,0
-1.21054413518018,-0.0173234502158425,-0.987496080692633,0,0,0
-1.20943276198326,-0.0174494170205668,-0.987358396058508,0,0,0
-1.20831984241967,-0.0175750001796519,-0.987220987710067,0,0,0
-1.20720538602625,-0.0177001969320064,-0.987083867731569,0,0,0
-1.206089402475,-0.0178250045250348,-0.986947048181915,0,0,0
-1.2049719015722,-0.0179494202146978,-0.986810541093584,0,0,0
-1.2038528932576,-0.0180734412655722,-0.986674358471575,0,0,0
-1.20273238760351,-0.0181970649509117,-0.986538512292352,0,0,0
-1.2016103948139,-0.0183202885527063,-0.986403014502793,0,0,0
-1.20048692522355,-0.0184431093617425,-0.986267877019136,0,0,0
-1.19936198929711,-0.0185655246776627,-0.98613311172593,0,0,0
-1.19823559762819,-0.0186875318090242,-0.985998730474995,0,0,0
-1.1971077609384,-0.0188091280733591,-0.985864745084376,0,0,0
-1.19597849007646,-0.0189303107972327,-0.985731167337303,0,0,0
-1.19484779601721,-0.0190510773163024,-0.985598008981159,0,0,0
-1.19371568986065,-0.0191714249753766,-0.985465281726441,0,0,0
-1.19258218283095,-0.0192913511284725,-0.985332997245735,0,0,0
-1.1914472862755,-0.0194108531388747,-0.985201167172686,0,0,0
-1.19031101166388,-0.0195299283791933,-0.985069803100979,0,0,0
-1.18917337058687,-0.0196485742314212,-0.984938916583315,0,0,0
-1.18803437475542,-0.0197667880869919,-0.984808519130396,0,0,0
-1.18689403599961,-0.0198845673468369,-0.984678622209916,0,0,0
-1.18575236626764,-0.0200019094214429,-0.98454923724555,0,0,0
-1.18460937762475,-0.0201188117309083,-0.984420375615947,0,0,0
-1.18346508225218,-0.0202352717050006,-0.984292048653734,0,0,0
-1.18231949244608,-0.0203512867832124,-0.984164267644516,0,0,0
-1.18117262061645,-0.0204668544148179,-0.984037043825886,0,0,0
-1.18002447928601,-0.0205819720589287,-0.983910388386433,0,0,0
-1.17887508108916,-0.0206966371845504,-0.983784312464763,0,0,0
-1.17772443877081,-0.0208108472706371,-0.983658827148515,0,0,0
-1.17657256518529,-0.0209245998061481,-0.983533943473388,0,0,0
-1.17541947329521,-0.0210378922901019,-0.983409672422172,0,0,0
-1.17426517617034,-0.0211507222316323,-0.983286024923777,0,0,0
-1.17310968698642,-0.0212630871500423,-0.983163011852277,0,0,0
-1.17195301902404,-0.021374984574859,-0.983040644025953,0,0,0
-1.17079518566744,-0.021486412045888,-0.982918932206339,0,0,0
-1.16963620040337,-0.0215973671132672,-0.982797887097277,0,0,0
-1.16847607681987,-0.0217078473375211,-0.982677519343977,0,0,0
-1.16731482860509,-0.021817850289614,-0.982557839532077,0,0,0
-1.1661524695461,-0.0219273735510036,-0.982438858186717,0,0,0
-1.16498901352763,-0.0220364147136942,-0.982320585771609,0,0,0
-1.16382447453091,-0.0221449713802895,-0.982203032688122,0,0,0
-1.16265886663241,-0.0222530411640455,-0.98208620927436,0,0,0
-1.16149220400258,-0.0223606216889229,-0.98197012580426,0,0,0
-1.16032450090466,-0.0224677105896393,-0.981854792486683,0,0,0
-1.15915577169336,-0.0225743055117212,-0.98174021946452,0,0,0
-1.15798603081366,-0.0226804041115557,-0.981626416813797,0,0,0
-1.15681529279949,-0.0227860040564424,-0.981513394542792,0,0,0
-1.15564357227248,-0.0228911030246441,-0.981401162591153,0,0,0
-1.15447088394067,-0.0229956987054383,-0.981289730829021,0,0,0
-1.15329724259721,-0.0230997887991678,-0.98117910905617,0,0,0
-1.15212266311905,-0.0232033710172915,-0.981069307001137,0,0,0
-1.15094716046566,-0.0233064430824343,-0.980960334320369,0,0,0
-1.1497707496777,-0.0234090027284374,-0.980852200597377,0,0,0
-1.14859344587567,-0.0235110477004084,-0.980744915341889,0,0,0
-1.14741526425864,-0.0236125757547702,-0.980638487989015,0,0,0
-1.14623622010285,-0.0237135846593112,-0.980532927898418,0,0,0
-1.1450563287604,-0.0238140721932336,-0.98042824435349,0,0,0
-1.14387560565791,-0.0239140361472025,-0.980324446560537,0,0,0
-1.14269406629514,-0.0240134743233946,-0.980221543647967,0,0,0
-1.14151172624364,-0.0241123845355466,-0.980119544665489,0,0,0
-1.14032860114536,-0.0242107646090029,-0.980018458583317,0,0,0
-1.1391447067113,-0.0243086123807636,-0.979918294291381,0,0,0
-1.13796005872013,-0.0244059256995322,-0.979819060598543,0,0,0
-1.13677467301678,-0.0245027024257627,-0.979720766231826,0,0,0
-1.13558856551105,-0.0245989404317066,-0.979623419835645,0,0,0
-1.13440175217623,-0.02469463760146,-0.979527029971045,0,0,0
-1.13321424904768,-0.0247897918310098,-0.979431605114952,0,0,0
-1.13202607222142,-0.0248844010282801,-0.979337153659422,0,0,0
-1.13083723785272,-0.024978463113178,-0.979243683910909,0,0,0
-1.12964776215469,-0.0250719760176398,-0.97915120408953,0,0,0
-1.12845766139682,-0.025164937685676,-0.979059722328344,0,0,0
-1.12726695190358,-0.0252573460734165,-0.978969246672638,0,0,0
-1.12607565005298,-0.0253491991491561,-0.978879785079214,0,0,0
-1.12488377227511,-0.0254404948933985,-0.978791345415698,0,0,0
-1.12369133505072,-0.025531231298901,-0.978703935459839,0,0,0
-1.12249835490976,-0.0256214063707187,-0.978617562898833,0,0,0
-1.12130484842992,-0.0257110181262483,-0.97853223532864,0,0,0
-1.12011083223519,-0.0258000645952714,-0.978447960253321,0,0,0
-1.11891632299438,-0.0258885438199983,-0.978364745084376,0,0,0
-1.11772133741966,-0.0259764538551109,-0.978282597140091,0,0,0
-1.11652589226508,-0.0260637927678053,-0.978201523644899,0,0,0
-1.11533000432512,-0.0261505586378342,-0.978121531728737,0,0,0
-1.11413369043321,-0.0262367495575496,-0.978042628426428,0,0,0
-1.11293696746022,-0.0263223636319443,-0.977964820677055,0,0,0
-1.111739852313,-0.0264073989786937,-0.977888115323355,0,0,0
-1.11054236193291,-0.0264918537281972,-0.977812519111114,0,0,0
-1.10934451329427,-0.0265757260236195,-0.977738038688576,0,0,0
-1.10814632340296,-0.0266590140209309,-0.97766468060586,0,0,0
-1.10694780929481,-0.0267417158889484,-0.977592451314379,0,0,0
-1.10574898803422,-0.0268238298093757,-0.977521357166277,0,0,0
-1.10454987671256,-0.0269053539768431,-0.977451404413868,0,0,0
-1.10335049244673,-0.0269862865989474,-0.977382599209088,0,0,0
-1.10215085237764,-0.0270666258962911,-0.977314947602951,0,0,0
-1.10095097366867,-0.0271463701025219,-0.977248455545021,0,0,0
-1.09975087350422,-0.0272255174643709,-0.977183128882884,0,0,0
-1.09855056908814,-0.0273040662416919,-0.977118973361639,0,0,0
-1.09735007764224,-0.0273820147074989,-0.977055994623389,0,0,0
-1.09614941640481,-0.0274593611480046,-0.976994198206744,0,0,0
-1.09494860262904,-0.0275361038626581,-0.976933589546338,0,0,0
-1.09374765358155,-0.0276122411641818,-0.976874173972348,0,0,0
-1.09254658654085,-0.0276877713786091,-0.976815956710027,0,0,0
-1.09134541879584,-0.0277626928453206,-0.976758942879241,0,0,0
-1.09014416764426,-0.0278370039170813,-0.976703137494023,0,0,0
-1.08894285039118,-0.0279107029600761,-0.976648545462131,0,0,0
-1.08774148434751,-0.0279837883539462,-0.976595171584615,0,0,0
-1.08654008682843,-0.0280562584918246,-0.976543020555394,0,0,0
-1.0853386751519,-0.0281281117803714,-0.976492096960846,0,0,0
-1.08413726663711,-0.0281993466398089,-0.976442405279404,0,0,0
-1.08293587860298,-0.0282699615039562,-0.97639394988116,0,0,0
-1.08173452836664,-0.0283399548202637,-0.976346735027483,0,0,0
-1.08053323324187,-0.0284093250498473,-0.976300764870644,0,0,0
-1.07933201053763,-0.0284780706675222,-0.976256043453447,0,0,0
-1.0781308775565,-0.0285461901618364,-0.976212574708881,0,0,0
-1.07692985159316,-0.0286136820351039,-0.976170362459767,0,0,0
-1.07572894993289,-0.0286805448034377,-0.976129410418425,0,0,0
-1.07452818985005,-0.0287467769967824,-0.976089722186347,0,0,0
-1.07332758860651,-0.0288123771589467,-0.976051301253883,0,0,0
-1.07212716345022,-0.0288773438476348,-0.976014150999927,0,0,0
-1.0709269316136,-0.0289416756344791,-0.975978274691627,0,0,0
-1.0697269103121,-0.0290053711050705,-0.975943675484095,0,0,0
-1.06852711674264,-0.0290684288589905,-0.975910356420128,0,0,0
-1.06732756808212,-0.0291308475098414,-0.975878320429943,0,0,0
-1.0661282814859,-0.0291926256852767,-0.975847570330918,0,0,0
-1.06492927408627,-0.0292537620270318,-0.975818108827345,0,0,0
-1.06373056299101,-0.0293142551909534,-0.975789938510189,0,0,0
-1.06253216528181,-0.0293741038470292,-0.975763061856866,0,0,0
-1.0613340980128,-0.0294333066794173,-0.975737481231021,0,0,0
-1.06013637820906,-0.0294918623864748,-0.975713198882318,0,0,0
-1.05893902286513,-0.0295497696807867,-0.97569021694625,0,0,0
-1.05774204894345,-0.029607027289194,-0.975668537443942,0,0,0
-1.05654547337296,-0.029663633952822,-0.97564816228198,0,0,0
-1.05534931304754,-0.0297195884271075,-0.975629093252241,0,0,0
-1.05415358482458,-0.0297748894818268,-0.975611332031733,0,0,0
-1.05295830552344,-0.029829535901122,-0.975594880182453,0,0,0
-1.05176349192402,-0.0298835264835283,-0.975579739151244,0,0,0
-1.05056916076524,-0.0299368600420003,-0.975565910269672,0,0,0
-1.04937532874363,-0.0299895354039379,-0.975553394753904,0,0,0
-1.04818201251179,-0.0300415514112124,-0.975542193704609,0,0,0
-1.04698922867697,-0.0300929069201914,-0.975532308106853,0,0,0
-1.04579699379961,-0.0301436008017648,-0.975523738830015,0,0,0
-1.04460532439185,-0.0301936319413688,-0.975516486627714,0,0,0
-1.04341423691612,-0.0302429992390109,-0.975510552137739,0,0,0
-1.04222374778367,-0.0302917016092939,-0.975505935881994,0,0,0
-1.04103387335312,-0.0303397379814397,-0.97550263826645,0,0,0
-1.03984462992903,-0.0303871072993132,-0.975500659581114,0,0,0
-1.03865603376049,-0.0304338085214449,-0.9755,0,0,0
-1.03746810103963,-0.0304798406210545,-0.975500659581114,0,0,0
-1.03628084790026,-0.0305252025860729,-0.97550263826645,0,0,0
-1.03509429041642,-0.0305698934191649,-0.975505935881994,0,0,0
-1.03390844460096,-0.0306139121377506,-0.975510552137739,0,0,0
-1.03272332640417,-0.0306572577740276,-0.975516486627714,0,0,0
-1.03153895171233,-0.0306999293749919,-0.975523738830015,0,0,0
-1.03035533634631,-0.0307419260024589,-0.975532308106853,0,0,0
-1.02917249606026,-0.0307832467330841,-0.975542193704609,0,0,0
-1.02799044654012,-0.0308238906583835,-0.975553394753904,0,0,0
-1.02680920340229,-0.0308638568847532,-0.975565910269672,0,0,0
-1.02562878219228,-0.0309031445334896,-0.975579739151244,0,0,0
-1.02444919838329,-0.030941752740808,-0.975594880182453,0,0,0
-1.02327046737489,-0.0309796806578625,-0.975611332031733,0,0,0
-1.02209260449164,-0.0310169274507638,-0.975629093252241,0,0,0
-1.02091562498177,-0.031053492300598,-0.97564816228198,0,0,0
-1.01973954401581,-0.0310893744034446,-0.975668537443942,0,0,0
-1.01856437668527,-0.031124572970394,-0.97569021694625,0,0,0
-1.0173901380013,-0.031159087227565,-0.975713198882318,0,0,0
-1.01621684289341,-0.0311929164161216,-0.975737481231021,0,0,0
-1.0150445062081,-0.0312260597922899,-0.975763061856866,0,0,0
-1.01387314270761,-0.0312585166273745,-0.975789938510189,0,0,0
-1.01270276706855,-0.0312902862077742,-0.975818108827345,0,0,0
-1.0115333938807,-0.0313213678349981,-0.975847570330918,0,0,0
-1.01036503764566,-0.0313517608256805,-0.975878320429943,0,0,0
-1.0091977127756,-0.0313814645115964,-0.975910356420128,0,0,0
-1.00803143359196,-0.0314104782396759,-0.975943675484095,0,0,0
-1.00686621432427,-0.0314388013720184,-0.975978274691627,0,0,0
-1.0057020691088,-0.0314664332859073,-0.976014150999927,0,0,0
-1.00453901198739,-0.0314933733738227,-0.976051301253883,0,0,0
-1.00337705690617,-0.0315196210434558,-0.976089722186347,0,0,0
-1.00221621771438,-0.0315451757177211,-0.976129410418425,0,0,0
-1.00105650816309,-0.0315700368347695,-0.976170362459767,0,0,0
-0.999897941904043,-0.0315942038480005,-0.976212574708881,0,0,0
-0.998740532488439,-0.0316176762260744,-0.976256043453447,0,0,0
-0.997584293365733,-0.0316404534529238,-0.976300764870644,0,0,0
-0.996429237882462,-0.0316625350277649,-0.976346735027483,0,0,0
-0.995275379281068,-0.0316839204651088,-0.97639394988116,0,0,0
-0.994122730698735,-0.0317046092947719,-0.976442405279404,0,0,0
-0.992971305166233,-0.0317246010618862,-0.976492096960846,0,0,0
-0.991821115606773,-0.0317438953269097,-0.976543020555394,0,0,0
-0.990672174834866,-0.0317624916656356,-0.976595171584615,0,0,0
-0.989524495555203,-0.0317803896692017,-0.976648545462131,0,0,0
-0.988378090361533,-0.0317975889440999,-0.976703137494023,0,0,0
-0.987232971735555,-0.0318140891121841,-0.976758942879241,0,0,0
-0.986089152045824,-0.031829889810679,-0.976815956710027,0,0,0
-0.984946643546661,-0.031844990692188,-0.976874173972348,0,0,0
-0.983805458377074,-0.0318593914247007,-0.976933589546338,0,0,0
-0.982665608559692,-0.0318730916916004,-0.976994198206744,0,0,0
-0.98152710599971,-0.0318860911916707,-0.977055994623389,0,0,0
-0.980389962483838,-0.0318983896391026,-0.977118973361639,0,0,0
-0.979254189679264,-0.0319099867635006,-0.977183128882884,0,0,0
-0.978119799132634,-0.0319208823098883,-0.977248455545021,0,0,0
-0.976986802269029,-0.0319310760387147,-0.977314947602951,0,0,0
-0.975855210390966,-0.0319405677258587,-0.977382599209088,0,0,0
-0.9747250346774,-0.0319493571626347,-0.977451404413868,0,0,0
-0.973596286182745,-0.0319574441557967,-0.977521357166277,0,0,0
-0.972468975835897,-0.0319648285275428,-0.977592451314379,0,0,0
-0.971343114439276,-0.031971510115519,-0.97766468060586,0,0,0
-0.970218712667876,-0.0319774887728228,-0.977738038688576,0,0,0
-0.969095781068325,-0.0319827643680066,-0.977812519111114,0,0,0
-0.967974330057958,-0.0319873367850804,-0.977888115323355,0,0,0
-0.966854369923902,-0.0319912059235141,-0.977964820677055,0,0,0
-0.965735910822167,-0.0319943716982404,-0.978042628426428,0,0,0
-0.96461896277676,-0.031996834039656,-0.978121531728737,0,0,0
-0.963503535678796,-0.0319985928936234,-0.978201523644899,0,0,0
-0.962389639285635,-0.0319996482214723,-0.978282597140091,0,0,0
-0.961277283220016,-0.032,-0.978364745084376,0,0,0
-0.96016647696922,-0.0319996482214723,-0.978447960253321,0,0,0
-0.959057229884227,-0.0319985928936234,-0.97853223532864,0,0,0
-0.957949551178901,-0.031996834039656,-0.978617562898833,0,0,0
-0.956843449929172,-0.0319943716982404,-0.978703935459839,0,0,0
-0.955738935072246,-0.0319912059235141,-0.978791345415698,0,0,0
-0.954636015405812,-0.0319873367850804,-0.978879785079214,0,0,0
-0.953534699587274,-0.0319827643680066,-0.978969246672638,0,0,0
-0.952434996132985,-0.0319774887728228,-0.979059722328344,0,0,0
-0.9513369134175,-0.031971510115519,-0.97915120408953,0,0,0
-0.950240459672842,-0.0319648285275428,-0.979243683910909,0,0,0
-0.949145642987772,-0.0319574441557967,-0.979337153659422,0,0,0
-0.948052471307083,-0.0319493571626347,-0.979431605114952,0,0,0
-0.9469609524309,-0.0319405677258587,-0.979527029971045,0,0,0
-0.945871094013992,-0.0319310760387147,-0.979623419835645,0,0,0
-0.944782903565102,-0.0319208823098883,-0.979720766231826,0,0,0
-0.943696388446284,-0.0319099867635006,-0.979819060598543,0,0,0
-0.942611555872256,-0.0318983896391026,-0.979918294291381,0,0,0
-0.941528412909768,-0.0318860911916707,-0.980018458583317,0,0,0
-0.940446966476977,-0.0318730916916004,-0.980119544665489,0,0,0
-0.939367223342839,-0.0318593914247007,-0.980221543647967,0,0,0
-0.938289190126518,-0.031844990692188,-0.980324446560537,0,0,0
-0.937212873296798,-0.031829889810679,-0.98042824435349,0,0,0
-0.936138279171518,-0.0318140891121841,-0.980532927898418,0,0,0
-0.935065413917015,-0.0317975889440999,-0.980638487989015,0,0,0
-0.933994283547583,-0.0317803896692017,-0.980744915341889,0,0,0
-0.93292489392494,-0.0317624916656356,-0.980852200597377,0,0,0
-0.93185725075772,-0.0317438953269097,-0.980960334320369,0,0,0
-0.930791359600962,-0.0317246010618862,-0.981069307001137,0,0,0
-0.929727225855628,-0.0317046092947719,-0.98117910905617,0,0,0
-0.928664854768127,-0.0316839204651088,-0.981289730829021,0,0,0
-0.927604251429851,-0.0316625350277649,-0.981401162591153,0,0,0
-0.926545420776729,-0.0316404534529238,-0.981513394542792,0,0,0
-0.925488367588793,-0.0316176762260744,-0.981626416813797,0,0,0
-0.924433096489757,-0.0315942038480005,-0.98174021946452,0,0,0
-0.923379611946611,-0.0315700368347695,-0.981854792486683,0,0,0
-0.922327918269228,-0.0315451757177211,-0.98197012580426,0,0,0
-0.921278019609985,-0.0315196210434558,-0.98208620927436,0,0,0
-0.920229919963397,-0.0314933733738227,-0.982203032688122,0,0,0
-0.919183623165767,-0.0314664332859073,-0.982320585771609,0,0,0
-0.918139132894847,-0.0314388013720184,-0.982438858186717,0,0,0
-0.917096452669517,-0.0314104782396759,-0.982557839532077,0,0,0
-0.916055585849473,-0.0313814645115964,-0.982677519343977,0,0,0
-0.915016535634933,-0.0313517608256805,-0.982797887097277,0,0,0
-0.913979305066355,-0.0313213678349981,-0.982918932206339,0,0,0
-0.912943897024169,-0.0312902862077742,-0.983040644025953,0,0,0
-0.911910314228527,-0.0312585166273745,-0.983163011852277,0,0,0
-0.910878559239059,-0.0312260597922899,-0.983286024923777,0,0,0
-0.90984863445465,-0.0311929164161216,-0.983409672422172,0,0,0
-0.908820542113231,-0.031159087227565,-0.983533943473388,0,0,0
-0.907794284291578,-0.031124572970394,-0.983658827148515,0,0,0
-0.906769862905134,-0.0310893744034446,-0.983784312464763,0,0,0
-0.905747279707838,-0.031053492300598,-0.983910388386433,0,0,0
-0.904726536291968,-0.0310169274507638,-0.984037043825886,0,0,0
-0.903707634088008,-0.0309796806578625,-0.984164267644516,0,0,0
-0.902690574364516,-0.030941752740808,-0.984292048653734,0,0,0
-0.901675358228015,-0.0309031445334896,-0.984420375615947,0,0,0
-0.900661986622896,-0.0308638568847532,-0.98454923724555,0,0,0
-0.899650460331333,-0.0308238906583835,-0.984678622209916,0,0,0
-0.898640779973216,-0.0307832467330841,-0.984808519130396,0,0,0
-0.897632946006097,-0.0307419260024589,-0.984938916583315,0,0,0
-0.896626958725147,-0.0306999293749919,-0.985069803100979,0,0,0
-0.895622818263132,-0.0306572577740276,-0.985201167172686,0,0,0
-0.894620524590403,-0.0306139121377506,-0.985332997245735,0,0,0
-0.893620077514895,-0.0305698934191649,-0.985465281726441,0,0,0
-0.892621476682145,-0.0305252025860729,-0.985598008981159,0,0,0
-0.891624721575326,-0.0304798406210545,-0.985731167337303,0,0,0
-0.890629811515287,-0.0304338085214449,-0.985864745084376,0,0,0
-0.88963674566062,-0.0303871072993132,-0.985998730474995,0,0,0
-0.888645523007726,-0.0303397379814397,-0.98613311172593,0,0,0
-0.88765614239091,-0.0302917016092939,-0.986267877019136,0,0,0
-0.886668602482479,-0.0302429992390109,-0.986403014502793,0,0,0
-0.885682901792861,-0.0301936319413688,-0.986538512292352,0,0,0
-0.884699038670737,-0.0301436008017648,-0.986674358471575,0,0,0
-0.883717011303181,-0.0300929069201914,-0.986810541093584,0,0,0
-0.882736817715826,-0.0300415514112124,-0.986947048181915,0,0,0
-0.881758455773036,-0.0299895354039379,-0.987083867731569,0,0,0
-0.880781923178088,-0.0299368600420003,-0.987220987710067,0,0,0
-0.879807217473383,-0.0298835264835283,-0.987358396058508,0,0,0
-0.878834336040656,-0.029829535901122,-0.987496080692633,0,0,0
-0.877863276101207,-0.0297748894818268,-0.987634029503884,0,0,0
-0.876894034716148,-0.0297195884271075,-0.987772230360469,0,0,0
-0.875926608786658,-0.029663633952822,-0.987910671108433,0,0,0
-0.87496099505426,-0.029607027289194,-0.988049339572722,0,0,0
-0.873997190101102,-0.0295497696807867,-0.988188223558255,0,0,0
-0.873035190350261,-0.0294918623864748,-0.988327310851,0,0,0
-0.87207499206606,-0.0294333066794173,-0.988466589219041,0,0,0
-0.871116591354389,-0.0293741038470292,-0.988606046413662,0,0,0
-0.870159984163055,-0.0293142551909534,-0.988745670170419,0,0,0
-0.869205166282135,-0.0292537620270318,-0.988885448210219,0,0,0
-0.868252133344346,-0.0291926256852767,-0.989025368240401,0,0,0
-0.86730088082543,-0.0291308475098414,-0.989165417955817,0,0,0
-0.866351404044551,-0.0290684288589905,-0.989305585039916,0,0,0
-0.865403698164708,-0.0290053711050705,-0.989445857165821,0,0,0
-0.86445775819316,-0.0289416756344791,-0.98958622199742,0,0,0
-0.863513578981863,-0.0288773438476348,-0.989726667190447,0,0,0
-0.862571155227926,-0.0288123771589467,-0.98986718039357,0,0,0
-0.861630481474076,-0.0287467769967824,-0.990007749249474,0,0,0
-0.860691552109136,-0.0286805448034377,-0.990148361395951,0,0,0
-0.859754361368521,-0.0286136820351039,-0.990289004466986,0,0,0
-0.858818903334746,-0.0285461901618364,-0.990429666093844,0,0,0
-0.857885171937941,-0.0284780706675222,-0.990570333906157,0,0,0
-0.856953160956392,-0.0284093250498473,-0.990710995533014,0,0,0
-0.856022864017081,-0.0283399548202637,-0.990851638604049,0,0,0
-0.855094274596254,-0.0282699615039562,-0.990992250750526,0,0,0
-0.854167386019988,-0.0281993466398089,-0.991132819606431,0,0,0
-0.853242191464781,-0.0281281117803714,-0.991273332809553,0,0,0
-0.852318683958152,-0.0280562584918246,-0.991413778002581,0,0,0
-0.851396856379254,-0.0279837883539462,-0.991554142834179,0,0,0
-0.8504767014595,-0.0279107029600761,-0.991694414960084,0,0,0
-0.849558211783203,-0.0278370039170813,-0.991834582044183,0,0,0
-0.848641379788228,-0.0277626928453206,-0.991974631759599,0,0,0
-0.847726197766655,-0.0276877713786091,-0.992114551789781,0,0,0
-0.846812657865459,-0.0276122411641818,-0.992254329829581,0,0,0
-0.845900752087201,-0.0275361038626581,-0.992393953586338,0,0,0
-0.84499047229073,-0.0274593611480046,-0.992533410780959,0,0,0
-0.844081810191899,-0.0273820147074989,-0.992672689149001,0,0,0
-0.843174757364294,-0.0273040662416919,-0.992811776441745,0,0,0
-0.842269305239976,-0.0272255174643709,-0.992950660427278,0,0,0
-0.841365445110233,-0.0271463701025219,-0.993089328891567,0,0,0
-0.840463168126345,-0.0270666258962911,-0.993227769639531,0,0,0
-0.839562465300366,-0.0269862865989474,-0.993365970496117,0,0,0
-0.838663327505909,-0.0269053539768431,-0.993503919307367,0,0,0
-0.837765745478956,-0.0268238298093757,-0.993641603941492,0,0,0
-0.836869709818664,-0.0267417158889484,-0.993779012289933,0,0,0
-0.835975210988199,-0.0266590140209309,-0.993916132268431,0,0,0
-0.83508223931557,-0.0265757260236195,-0.994052951818085,0,0,0
-0.834190784994482,-0.0264918537281973,-0.994189458906416,0,0,0
-0.833300838085198,-0.0264073989786937,-0.994325641528425,0,0,0
-0.832412388515413,-0.0263223636319443,-0.994461487707648,0,0,0
-0.83152542608114,-0.0262367495575496,-0.994596985497207,0,0,0
-0.830639940447606,-0.0261505586378342,-0.994732122980865,0,0,0
-0.829755921150164,-0.0260637927678053,-0.99486688827407,0,0,0
-0.828873357595209,-0.0259764538551109,-0.995001269525005,0,0,0
-0.827992239061113,-0.0258885438199983,-0.995135254915624,0,0,0
-0.827112554699167,-0.0258000645952714,-0.995268832662697,0,0,0
-0.826234293534536,-0.0257110181262483,-0.995401991018841,0,0,0
-0.82535744446722,-0.0256214063707187,-0.995534718273559,0,0,0
-0.824481996273038,-0.025531231298901,-0.995667002754265,0,0,0
-0.823607937604605,-0.0254404948933985,-0.995798832827314,0,0,0
-0.82273525699234,-0.0253491991491561,-0.995930196899021,0,0,0
-0.821863942845467,-0.0252573460734165,-0.996061083416686,0,0,0
-0.820993983453039,-0.025164937685676,-0.996191480869604,0,0,0
-0.820125366984966,-0.0250719760176398,-0.996321377790084,0,0,0
-0.819258081493054,-0.024978463113178,-0.99645076275445,0,0,0
-0.81839211491206,-0.0248844010282801,-0.996579624384053,0,0,0
-0.81752745506075,-0.0247897918310098,-0.996707951346266,0,0,0
-0.816664089642968,-0.02469463760146,-0.996835732355484,0,0,0
-0.815802006248724,-0.0245989404317066,-0.996962956174115,0,0,0
-0.814941192355279,-0.0245027024257627,-0.997089611613567,0,0,0
-0.814081635328249,-0.0244059256995322,-0.997215687535237,0,0,0
-0.813223322422718,-0.0243086123807636,-0.997341172851485,0,0,0
-0.812366240784355,-0.0242107646090029,-0.997466056526612,0,0,0
-0.811510377450546,-0.0241123845355466,-0.997590327577829,0,0,0
-0.810655719351535,-0.0240134743233946,-0.997713975076224,0,0,0
-0.809802253311572,-0.0239140361472025,-0.997836988147723,0,0,0
-0.808949966050074,-0.0238140721932336,-0.997959355974047,0,0,0
-0.80809884418279,-0.0237135846593112,-0.998081067793661,0,0,0
-0.807248874222979,-0.0236125757547703,-0.998202112902723,0,0,0
-0.806400042582598,-0.0235110477004084,-0.998322480656023,0,0,0
-0.805552335573493,-0.0234090027284374,-0.998442160467923,0,0,0
-0.804705739408609,-0.0233064430824343,-0.998561141813284,0,0,0
-0.803860240203194,-0.0232033710172915,-0.998679414228391,0,0,0
-0.80301582397603,-0.0230997887991678,-0.998796967311878,0,0,0
-0.802172476650653,-0.0229956987054383,-0.99891379072564,0,0,0
-0.801330184056597,-0.0228911030246441,-0.99902987419574,0,0,0
-0.800488931930641,-0.0227860040564424,-0.999145207513317,0,0,0
-0.799648705918056,-0.0226804041115557,-0.99925978053548,0,0,0
-0.798809491573876,-0.0225743055117212,-0.999373583186203,0,0,0
-0.797971274364163,-0.0224677105896393,-0.999486605457208,0,0,0
-0.797134039667289,-0.0223606216889229,-0.999598837408848,0,0,0
-0.796297772775217,-0.0222530411640455,-0.999710269170979,0,0,0
-0.795462458894799,-0.0221449713802895,-0.99982089094383,0,0,0
-0.794628083149075,-0.0220364147136942,-0.999930692998863,0,0,0
-0.79379463057858,-0.0219273735510036,-1.00003966567963,0,0,0
-0.792962086142663,-0.021817850289614,-1.00014779940262,0,0,0
-0.792130434720807,-0.0217078473375211,-1.00025508465811,0,0,0
-0.79129966111396,-0.0215973671132672,-1.00036151201099,0,0,0
-0.790469750045872,-0.021486412045888,-1.00046707210158,0,0,0
-0.789640686164436,-0.021374984574859,-1.00057175564651,0,0,0
-0.788812454043041,-0.0212630871500423,-1.00067555343946,0,0,0
-0.787985038181928,-0.0211507222316323,-1.00077845635203,0,0,0
-0.787158423009551,-0.021037892290102,-1.00088045533451,0,0,0
-0.786332592883949,-0.0209245998061481,-1.00098154141668,0,0,0
-0.785507532094123,-0.0208108472706371,-1.00108170570862,0,0,0
-0.784683224861411,-0.0206966371845504,-1.00118093940146,0,0,0
-0.783859655340884,-0.0205819720589288,-1.00127923376817,0,0,0
-0.783036807622733,-0.0204668544148179,-1.00137658016436,0,0,0
-0.782214665733673,-0.0203512867832124,-1.00147297002896,0,0,0
-0.781393213638342,-0.0202352717050006,-1.00156839488505,0,0,0
-0.780572435240718,-0.0201188117309083,-1.00166284634058,0,0,0
-0.77975231438553,-0.0200019094214429,-1.00175631608909,0,0,0
-0.77893283485968,-0.019884567346837,-1.00184879591047,0,0,0
-0.778113980393669,-0.0197667880869919,-1.00194027767166,0,0,0
-0.777295734663027,-0.0196485742314212,-1.00203075332736,0,0,0
-0.77647808128975,-0.0195299283791934,-1.00212021492079,0,0,0
-0.775661003843739,-0.0194108531388748,-1.0022086545843,0,0,0
-0.774844485844247,-0.0192913511284725,-1.00229606454016,0,0,0
-0.774028510761325,-0.0191714249753766,-1.00238243710117,0,0,0
-0.773213062017279,-0.0190510773163025,-1.00246776467136,0,0,0
-0.772398122988125,-0.0189303107972327,-1.00255203974668,0,0,0
-0.771583677005056,-0.0188091280733592,-1.00263525491562,0,0,0
-0.770769707355901,-0.0186875318090242,-1.00271740285991,0,0,0
-0.769956197286599,-0.0185655246776627,-1.0027984763551,0,0,0
-0.769143130002672,-0.0184431093617426,-1.00287846827126,0,0,0
-0.768330488670703,-0.0183202885527063,-1.00295737157357,0,0,0
-0.767518256419812,-0.0181970649509117,-1.00303517932294,0,0,0
-0.766706416343146,-0.0180734412655722,-1.00311188467665,0,0,0
-0.765894951499359,-0.0179494202146978,-1.00318748088889,0,0,0
-0.76508384491411,-0.0178250045250349,-1.00326196131142,0,0,0
-0.764273079581547,-0.0177001969320064,-1.00333531939414,0,0,0
-0.763462638465809,-0.0175750001796519,-1.00340754868562,0,0,0
-0.762652504502521,-0.0174494170205669,-1.00347864283372,0,0,0
-0.761842660600297,-0.0173234502158425,-1.00354859558613,0,0,0
-0.761033089642241,-0.017197102535005,-1.00361740079091,0,0,0
-0.760223774487453,-0.0170703767559543,-1.00368505239705,0,0,0
-0.759414697972537,-0.0169432756649034,-1.00375154445498,0,0,0
-0.75860584291311,-0.016815802056317,-1.00381687111712,0,0,0
-0.757797192105313,-0.0166879587328499,-1.00388102663836,0,0,0
-0.756988728327325,-0.0165597485052858,-1.00394400537661,0,0,0
-0.756180434340876,-0.016431174192475,-1.00400580179326,0,0,0
-0.755372292892763,-0.0163022386212724,-1.00406641045366,0,0,0
-0.754564286716371,-0.0161729446264761,-1.00412582602765,0,0,0
-0.753756398533186,-0.0160432950507642,-1.00418404328997,0,0,0
-0.752948611054318,-0.0159132927446328,-1.00424105712076,0,0,0
-0.752140906982021,-0.015782940566333,-1.00429686250598,0,0,0
-0.751333269011213,-0.0156522413818086,-1.00435145453787,0,0,0
-0.750525679831,-0.0155211980646323,-1.00440482841539,0,0,0
-0.749718122126197,-0.0153898134959434,-1.00445697944461,0,0,0
-0.748910578578849,-0.0152580905643836,-1.00450790303915,0,0,0
-0.748103031869758,-0.0151260321660341,-1.0045575947206,0,0,0
-0.747295464680004,-0.0149936412043518,-1.00460605011884,0,0,0
-0.746487859692468,-0.0148609205901052,-1.00465326497252,0,0,0
-0.745680199593353,-0.0147278732413108,-1.00469923512936,0,0,0
-0.744872467073711,-0.0145945020831686,-1.00474395654655,0,0,0
-0.744064644830963,-0.0144608100479979,-1.00478742529112,0,0,0
-0.74325671557042,-0.0143268000751729,-1.00482963754023,0,0,0
-0.742448662006803,-0.0141924751110581,-1.00487058958158,0,0,0
-0.741640466865769,-0.0140578381089434,-1.00491027781365,0,0,0
-0.740832112885421,-0.0139228920289791,-1.00494869874612,0,0,0
-0.740023582817834,-0.0137876398381111,-1.00498584900007,0,0,0
-0.739214859430569,-0.0136520845100154,-1.00502172530837,0,0,0
-0.738405925508185,-0.0135162290250328,-1.00505632451591,0,0,0
-0.737596763853761,-0.0133800763701037,-1.00508964357987,0,0,0
-0.7367873572904,-0.0132436295387016,-1.00512167957006,0,0,0
-0.735977688662746,-0.0131068915307682,-1.00515242966908,0,0,0
-0.735167740838488,-0.012969865352647,-1.00518189117266,0,0,0
-0.734357496709869,-0.0128325540170171,-1.00521006148981,0,0,0
-0.733546939195191,-0.0126949605428273,-1.00523693814313,0,0,0
-0.732736051240317,-0.0125570879552294,-1.00526251876898,0,0,0
-0.731924815820169,-0.012418939285512,-1.00528680111768,0,0,0
-0.731113215940226,-0.0122805175710334,-1.00530978305375,0,0,0
-0.730301234638021,-0.0121418258551555,-1.00533146255606,0,0,0
-0.72948885498463,-0.0120028671871761,-1.00535183771802,0,0,0
-0.728676060086162,-0.0118636446222624,-1.00537090674776,0,0,0
-0.727862833085243,-0.0117241612213839,-1.00538866796827,0,0,0
-0.727049157162501,-0.0115844200512445,-1.00540511981755,0,0,0
-0.726235015538044,-0.0114444241842158,-1.00542026084876,0,0,0
-0.725420391472936,-0.0113041766982689,-1.00543408973033,0,0,0
-0.724605268270669,-0.0111636806769073,-1.0054466052461,0,0,0
-0.723789629278629,-0.0110229392090987,-1.00545780629539,0,0,0
-0.722973457889566,-0.0108819553892072,-1.00546769189315,0,0,0
-0.722156737543048,-0.0107407323169253,-1.00547626116999,0,0,0
-0.721339451726924,-0.0105992730972059,-1.00548351337229,0,0,0
-0.720521583978769,-0.0104575808401936,-1.00548944786226,0,0,0
-0.719703117887339,-0.0103156586611569,-1.00549406411801,0,0,0
-0.718884037094008,-0.0101735096804192,-1.00549736173355,0,0,0
-0.718064325294212,-0.0100311370232905,-1.00549934041889,0,0,0
-0.717243966238877,-0.00988854381999831,-1.0055,0,0,0
-0.716422943735855,-0.00974573320561956,-1.00549934041889,0,0,0
-0.715601241651343,-0.00960270832001092,-1.00549736173355,0,0,0
-0.714778843911301,-0.00945947230774005,-1.00549406411801,0,0,0
-0.713955734502871,-0.00931602831801664,-1.00548944786226,0,0,0
-0.713131897475781,-0.00917237950462286,-1.00548351337229,0,0,0
-0.712307316943747,-0.00902852902584417,-1.00547626116999,0,0,0
-0.711481977085876,-0.00888448004440003,-1.00546769189315,0,0,0
-0.710655862148048,-0.00874023572737401,-1.00545780629539,0,0,0
-0.709828956444311,-0.00859579924614449,-1.0054466052461,0,0,0
-0.709001244358255,-0.00845117377631479,-1.00543408973033,0,0,0
-0.708172710344385,-0.00830636249764327,-1.00542026084876,0,0,0
-0.707343338929493,-0.00816136859397364,-1.00540511981755,0,0,0
-0.706513114714012,-0.00801619525316477,-1.00538866796827,0,0,0
-0.705682022373376,-0.00787084566702061,-1.00537090674776,0,0,0
-0.704850046659365,-0.00772532303122018,-1.00535183771802,0,0,0
-0.704017172401446,-0.00757963054524715,-1.00533146255606,0,0,0
-0.703183384508109,-0.00743377141231947,-1.00530978305375,0,0,0
-0.702348667968191,-0.00728774883931911,-1.00528680111768,0,0,0
-0.701513007852199,-0.00714156603672147,-1.00526251876898,0,0,0
-0.700676389313624,-0.00699522621852469,-1.00523693814313,0,0,0
-0.699838797590241,-0.00684873260217912,-1.00521006148981,0,0,0
-0.699000218005412,-0.00670208840851664,-1.00518189117266,0,0,0
-0.698160635969378,-0.00655529686167956,-1.00515242966908,0,0,0
-0.697320036980538,-0.00640836118905005,-1.00512167957006,0,0,0
-0.696478406626724,-0.00626128462117907,-1.00508964357987,0,0,0
-0.695635730586475,-0.00611407039171521,-1.00505632451591,0,0,0
-0.694791994630287,-0.0059667217373338,-1.00502172530837,0,0,0
-0.693947184621874,-0.00581924189766566,-1.00498584900007,0,0,0
-0.693101286519404,-0.0056716341152258,-1.00494869874612,0,0,0
-0.692254286376737,-0.00552390163534227,-1.00491027781365,0,0,0
-0.691406170344651,-0.00537604770608472,-1.00487058958158,0,0,0
-0.69055692467206,-0.00522807557819298,-1.00482963754023,0,0,0
-0.689706535707223,-0.00507998850500562,-1.00478742529112,0,0,0
-0.688854989898945,-0.00493178974238847,-1.00474395654655,0,0,0
-0.688002273797769,-0.00478348254866288,-1.00469923512936,0,0,0
-0.687148374057159,-0.00463507018453428,-1.00465326497252,0,0,0
-0.686293277434672,-0.00448655591302036,-1.00460605011884,0,0,0
-0.685436970793122,-0.00433794299937932,-1.0045575947206,0,0,0
-0.684579441101742,-0.00418923471103818,-1.00450790303915,0,0,0
-0.683720675437321,-0.00404043431752088,-1.00445697944461,0,0,0
-0.682860660985346,-0.00389154509037634,-1.00440482841539,0,0,0
-0.681999385041127,-0.00374257030310665,-1.00435145453787,0,0,0
-0.681136835010916,-0.00359351323109502,-1.00429686250598,0,0,0
-0.680272998413012,-0.00344437715153378,-1.00424105712076,0,0,0
-0.679407862878861,-0.00329516534335233,-1.00418404328997,0,0,0
-0.678541416154143,-0.00314588108714508,-1.00412582602765,0,0,0
-0.677673646099848,-0.00299652766509921,-1.00406641045366,0,0,0
-0.676804540693348,-0.00284710836092275,-1.00400580179326,0,0,0
-0.675934088029448,-0.00269762645977207,-1.00394400537661,0,0,0
-0.675062276321439,-0.00254808524817983,-1.00388102663836,0,0,0
-0.674189093902131,-0.00239848801398281,-1.00381687111712,0,0,0
-0.673314529224879,-0.00224883804624939,-1.00375154445498,0,0,0
-0.672438570864603,-0.00209913863520738,-1.00368505239705,0,0,0
-0.671561207518784,-0.00194939307217175,-1.00361740079091,0,0,0
-0.670682428008468,-0.00179960464947205,-1.00354859558613,0,0,0
-0.669802221279242,-0.0016497766603802,-1.00347864283372,0,0,0
-0.668920576402208,-0.00149991239903809,-1.00340754868562,0,0,0
-0.668037482574947,-0.001350015160385,-1.00333531939414,0,0,0
-0.667152929122466,-0.00120008824008531,-1.00326196131142,0,0,0
-0.666266905498135,-0.001050134934456,-1.00318748088889,0,0,0
-0.66537940128462,-0.000900158540394107,-1.00311188467665,0,0,0
-0.664490406194795,-0.000750162355304333,-1.00303517932294,0,0,0
-0.663599910072647,-0.000600149677026517,-1.00295737157357,0,0,0
-0.662707902894173,-0.000450123803763075,-1.00287846827126,0,0,0
-0.661814374768255,-0.000300088034006572,-1.0027984763551,0,0,0
-0.660919315937535,-0.000150045666467159,-1.00271740285991,0,0,0
-0.660022716779272,-3.91886975727153e-18,-1.00263525491562,0,0,0
-0.659124567806186,0.000150045666467151,-1.00255203974668,0,0,0
-0.658224859667297,0.000300088034006564,-1.00246776467136,0,0,0
-0.657323583148742,0.000450123803763067,-1.00238243710117,0,0,0
-0.656420729174589,0.000600149677026509,-1.00229606454016,0,0,0
-0.655516288807633,0.000750162355304325,-1.0022086545843,0,0,0
-0.654610253250185,0.000900158540394099,-1.00212021492079,0,0,0
-0.653702613844842,0.001050134934456,-1.00203075332736,0,0,0
-0.652793362075249,0.00120008824008531,-1.00194027767166,0,0,0
-0.651882489566852,0.00135001516038499,-1.00184879591047,0,0,0
-0.650969988087629,0.00149991239903808,-1.00175631608909,0,0,0
-0.650055849548817,0.00164977666038019,-1.00166284634058,0,0,0
-0.649140066005624,0.00179960464947203,-1.00156839488505,0,0,0
-0.648222629657926,0.00194939307217174,-1.00147297002896,0,0,0
-0.647303532850952,0.00209913863520738,-1.00137658016436,0,0,0
-0.64638276807596,0.00224883804624937,-1.00127923376817,0,0,0
-0.645460327970896,0.0023984880139828,-1.00118093940146,0,0,0
-0.644536205321042,0.00254808524817983,-1.00108170570862,0,0,0
-0.643610393059649,0.00269762645977205,-1.00098154141668,0,0,0
-0.642682884268558,0.00284710836092275,-1.00088045533451,0,0,0
-0.641753672178814,0.0029965276650992,-1.00077845635203,0,0,0
-0.640822750171254,0.00314588108714505,-1.00067555343946,0,0,0
-0.639890111777092,0.00329516534335232,-1.00057175564651,0,0,0
-0.63895575067849,0.00344437715153374,-1.00046707210158,0,0,0
-0.638019660709111,0.003593513231095,-1.00036151201099,0,0,0
-0.637081835854662,0.00374257030310664,-1.00025508465811,0,0,0
-0.636142270253423,0.0038915450903763,-1.00014779940262,0,0,0
-0.635200958196762,0.00404043431752087,-1.00003966567963,0,0,0
-0.634257894129638,0.00418923471103818,-0.999930692998863,0,0,0
-0.63331307265109,0.00433794299937929,-0.99982089094383,0,0,0
-0.632366488514709,0.00448655591302035,-0.999710269170979,0,0,0
-0.631418136629104,0.00463507018453427,-0.999598837408848,0,0,0
-0.630468012058344,0.00478348254866285,-0.999486605457208,0,0,0
-0.629516110022399,0.00493178974238846,-0.999373583186203,0,0,0
-0.628562425897553,0.00507998850500562,-0.99925978053548,0,0,0
-0.627606955216817,0.00522807557819294,-0.999145207513317,0,0,0
-0.626649693670318,0.00537604770608472,-0.99902987419574,0,0,0
-0.625690637105679,0.00552390163534227,-0.99891379072564,0,0,0
-0.624729781528385,0.0056716341152258,-0.998796967311878,0,0,0
-0.623767123102134,0.00581924189766565,-0.998679414228391,0,0,0
-0.622802658149171,0.0059667217373338,-0.998561141813284,0,0,0
-0.62183638315062,0.0061140703917152,-0.998442160467923,0,0,0
-0.620868294746782,0.00626128462117906,-0.998322480656023,0,0,0
-0.619898389737441,0.00640836118905004,-0.998202112902723,0,0,0
-0.618926665082138,0.00655529686167955,-0.998081067793661,0,0,0
-0.617953117900441,0.00670208840851663,-0.997959355974047,0,0,0
-0.616977745472202,0.00684873260217912,-0.997836988147723,0,0,0
-0.616000545237788,0.00699522621852468,-0.997713975076224,0,0,0
-0.615021514798315,0.00714156603672147,-0.997590327577829,0,0,0
-0.614040651915853,0.0072877488393191,-0.997466056526612,0,0,0
-0.613057954513624,0.00743377141231947,-0.997341172851485,0,0,0
-0.612073420676186,0.00757963054524714,-0.997215687535237,0,0,0
-0.611087048649601,0.00772532303122017,-0.997089611613567,0,0,0
-0.610098836841589,0.0078708456670206,-0.996962956174115,0,0,0
-0.609108783821667,0.00801619525316476,-0.996835732355484,0,0,0
-0.608116888321277,0.00816136859397363,-0.996707951346266,0,0,0
-0.607123149233896,0.00830636249764326,-0.996579624384053,0,0,0
-0.606127565615134,0.00845117377631478,-0.99645076275445,0,0,0
-0.605130136682815,0.00859579924614448,-0.996321377790084,0,0,0
-0.60413086181705,0.008740235727374,-0.996191480869604,0,0,0
-0.603129740560288,0.00888448004440002,-0.996061083416686,0,0,0
-0.602126772617356,0.00902852902584417,-0.995930196899021,0,0,0
-0.601121957855489,0.00917237950462282,-0.995798832827314,0,0,0
-0.600115296304336,0.00931602831801664,-0.995667002754265,0,0,0
-0.599106788155963,0.00945947230774004,-0.995534718273559,0,0,0
-0.598096433764831,0.00960270832001089,-0.995401991018841,0,0,0
-0.597084233647769,0.00974573320561956,-0.995268832662697,0,0,0
-0.596070188483925,0.0098885438199983,-0.995135254915624,0,0,0
-0.595054299114711,0.0100311370232904,-0.995001269525005,0,0,0
-0.594036566543723,0.0101735096804192,-0.99486688827407,0,0,0
-0.593016991936657,0.0103156586611569,-0.994732122980865,0,0,0
-0.591995576621207,0.0104575808401936,-0.994596985497207,0,0,0
-0.590972322086943,0.0105992730972058,-0.994461487707648,0,0,0
-0.589947229985186,0.0107407323169253,-0.994325641528425,0,0,0
-0.58892030212886,0.0108819553892071,-0.994189458906416,0,0,0
-0.587891540492332,0.0110229392090986,-0.994052951818085,0,0,0
-0.586860947211242,0.0111636806769073,-0.993916132268431,0,0,0
-0.585828524582307,0.0113041766982689,-0.993779012289933,0,0,0
-0.584794275063131,0.0114444241842158,-0.993641603941492,0,0,0
-0.583758201271976,0.0115844200512445,-0.993503919307367,0,0,0
-0.582720305987543,0.0117241612213839,-0.993365970496117,0,0,0
-0.581680592148721,0.0118636446222624,-0.993227769639531,0,0,0
-0.580639062854329,0.012002867187176,-0.993089328891567,0,0,0
-0.579595721362845,0.0121418258551555,-0.992950660427278,0,0,0
-0.578550571092122,0.0122805175710334,-0.992811776441745,0,0,0
-0.577503615619081,0.012418939285512,-0.992672689149001,0,0,0
-0.5764548586794,0.0125570879552294,-0.992533410780959,0,0,0
-0.575404304167189,0.0126949605428273,-0.992393953586338,0,0,0
-0.574351956134642,0.0128325540170171,-0.992254329829581,0,0,0
-0.57329781879168,0.012969865352647,-0.992114551789781,0,0,0
-0.572241896505587,0.0131068915307682,-0.991974631759599,0,0,0
-0.571184193800622,0.0132436295387016,-0.991834582044183,0,0,0
-0.570124715357619,0.0133800763701036,-0.991694414960084,0,0,0
-0.56906346601358,0.0135162290250328,-0.991554142834179,0,0,0
-0.568000450761247,0.0136520845100153,-0.991413778002581,0,0,0
-0.566935674748662,0.0137876398381111,-0.991273332809553,0,0,0
-0.565869143278717,0.0139228920289791,-0.991132819606431,0,0,0
-0.564800861808686,0.0140578381089434,-0.990992250750526,0,0,0
-0.563730835949744,0.0141924751110581,-0.990851638604049,0,0,0
-0.562659071466477,0.0143268000751729,-0.990710995533014,0,0,0
-0.561585574276371,0.0144608100479979,-0.990570333906157,0,0,0
-0.560510350449294,0.0145945020831686,-0.990429666093844,0,0,0
-0.559433406206961,0.0147278732413108,-0.990289004466986,0,0,0
-0.55835474792239,0.0148609205901052,-0.990148361395951,0,0,0
-0.557274382119335,0.0149936412043518,-0.990007749249474,0,0,0
-0.55619231547172,0.0151260321660341,-0.98986718039357,0,0,0
-0.555108554803045,0.0152580905643835,-0.989726667190447,0,0,0
-0.554023107085793,0.0153898134959434,-0.98958622199742,0,0,0
-0.552935979440809,0.0155211980646323,-0.989445857165821,0,0,0
-0.551847179136681,0.0156522413818086,-0.989305585039916,0,0,0
-0.550756713589096,0.015782940566333,-0.989165417955817,0,0,0
-0.549664590360189,0.0159132927446328,-0.989025368240401,0,0,0
-0.548570817157881,0.0160432950507642,-0.988885448210219,0,0,0
-0.547475401835195,0.0161729446264761,-0.988745670170419,0,0,0
-0.546378352389571,0.0163022386212724,-0.988606046413662,0,0,0
-0.545279676962161,0.0164311741924749,-0.988466589219041,0,0,0
-0.54417938383711,0.0165597485052858,-0.988327310851,0,0,0
-0.543077481440833,0.0166879587328499,-0.988188223558255,0,0,0
-0.541973978341269,0.0168158020563169,-0.988049339572722,0,0,0
-0.540868883247131,0.0169432756649034,-0.987910671108433,0,0,0
-0.539762205007137,0.0170703767559542,-0.987772230360469,0,0,0
-0.538653952609235,0.017197102535005,-0.987634029503884,0,0,0
-0.537544135179809,0.0173234502158425,-0.987496080692633,0,0,0
-0.53643276198288,0.0174494170205668,-0.987358396058508,0,0,0
-0.535319842419291,0.0175750001796519,-0.987220987710067,0,0,0
-0.534205386025874,0.0177001969320064,-0.987083867731569,0,0,0
-0.533089402474622,0.0178250045250348,-0.986947048181915,0,0,0
-0.531971901571828,0.0179494202146978,-0.986810541093584,0,0,0
-0.53085289325723,0.0180734412655722,-0.986674358471575,0,0,0
-0.529732387603133,0.0181970649509116,-0.986538512292353,0,0,0
-0.528610394813525,0.0183202885527063,-0.986403014502793,0,0,0
-0.527486925223177,0.0184431093617425,-0.986267877019136,0,0,0
-0.526361989296738,0.0185655246776627,-0.98613311172593,0,0,0
-0.525235597627811,0.0186875318090242,-0.985998730474995,0,0,0
-0.524107760938025,0.0188091280733591,-0.985864745084376,0,0,0
-0.522978490076089,0.0189303107972327,-0.985731167337303,0,0,0
-0.521847796016839,0.0190510773163025,-0.985598008981159,0,0,0
-0.520715689860272,0.0191714249753766,-0.985465281726441,0,0,0
-0.519582182830573,0.0192913511284725,-0.985332997245735,0,0,0
-0.518447286275124,0.0194108531388748,-0.985201167172686,0,0,0
-0.517311011663507,0.0195299283791933,-0.985069803100979,0,0,0
-0.516173370586499,0.0196485742314212,-0.984938916583315,0,0,0
-0.515034374755045,0.0197667880869919,-0.984808519130396,0,0,0
-0.513894035999237,0.0198845673468369,-0.984678622209916,0,0,0
-0.512752366267267,0.0200019094214429,-0.98454923724555,0,0,0
-0.511609377624379,0.0201188117309083,-0.984420375615947,0,0,0
-0.510465082251808,0.0202352717050006,-0.984292048653734,0,0,0
-0.509319492445708,0.0203512867832124,-0.984164267644516,0,0,0
-0.50817262061607,0.0204668544148179,-0.984037043825886,0,0,0
-0.507024479285634,0.0205819720589287,-0.983910388386433,0,0,0
-0.505875081088781,0.0206966371845504,-0.983784312464763,0,0,0
-0.50472443877043,0.0208108472706371,-0.983658827148515,0,0,0
-0.503572565184912,0.020924599806148,-0.983533943473388,0,0,0
-0.502419473294839,0.0210378922901019,-0.983409672422172,0,0,0
-0.501265176169969,0.0211507222316323,-0.983286024923777,0,0,0
-0.50010968698605,0.0212630871500423,-0.983163011852277,0,0,0
-0.498953019023666,0.021374984574859,-0.983040644025953,0,0,0
-0.497795185667068,0.021486412045888,-0.982918932206339,0,0,0
-0.496636200402997,0.0215973671132672,-0.982797887097277,0,0,0
-0.495476076819497,0.0217078473375211,-0.982677519343977,0,0,0
-0.49431482860472,0.021817850289614,-0.982557839532077,0,0,0
-0.493152469545723,0.0219273735510036,-0.982438858186717,0,0,0
-0.491989013527255,0.0220364147136942,-0.982320585771609,0,0,0
-0.490824474530538,0.0221449713802895,-0.982203032688122,0,0,0
-0.489658866632034,0.0222530411640455,-0.982086209274361,0,0,0
-0.488492204002207,0.0223606216889229,-0.98197012580426,0,0,0
-0.487324500904282,0.0224677105896393,-0.981854792486683,0,0,0
-0.486155771692986,0.0225743055117212,-0.98174021946452,0,0,0
-0.484986030813284,0.0226804041115557,-0.981626416813797,0,0,0
-0.483815292799114,0.0227860040564424,-0.981513394542792,0,0,0
-0.482643572272107,0.0228911030246441,-0.981401162591153,0,0,0
-0.481470883940297,0.0229956987054383,-0.981289730829021,0,0,0
-0.480297242596833,0.0230997887991678,-0.98117910905617,0,0,0
-0.479122663118676,0.0232033710172915,-0.981069307001137,0,0,0
-0.47794716046529,0.0233064430824343,-0.980960334320369,0,0,0
-0.476770749677325,0.0234090027284374,-0.980852200597377,0,0,0
-0.475593445875299,0.0235110477004083,-0.980744915341889,0,0,0
-0.474415264258264,0.0236125757547703,-0.980638487989015,0,0,0
-0.47323622010247,0.0237135846593112,-0.980532927898418,0,0,0
-0.472056328760024,0.0238140721932336,-0.98042824435349,0,0,0
-0.470875605657538,0.0239140361472025,-0.980324446560537,0,0,0
-0.46969406629477,0.0240134743233946,-0.980221543647967,0,0,0
-0.468511726243265,0.0241123845355466,-0.980119544665489,0,0,0
-0.467328601144984,0.0242107646090029,-0.980018458583317,0,0,0
-0.466144706710929,0.0243086123807636,-0.979918294291381,0,0,0
-0.464960058719759,0.0244059256995322,-0.979819060598543,0,0,0
-0.463774673016404,0.0245027024257627,-0.979720766231826,0,0,0
-0.462588565510674,0.0245989404317066,-0.979623419835645,0,0,0
-0.461401752175853,0.02469463760146,-0.979527029971045,0,0,0
-0.460214249047302,0.0247897918310098,-0.979431605114952,0,0,0
-0.459026072221044,0.0248844010282801,-0.979337153659422,0,0,0
-0.45783723785235,0.024978463113178,-0.979243683910909,0,0,0
-0.456647762154318,0.0250719760176398,-0.97915120408953,0,0,0
-0.455457661396448,0.025164937685676,-0.979059722328344,0,0,0
-0.454266951903208,0.0252573460734165,-0.978969246672638,0,0,0
-0.453075650052603,0.0253491991491561,-0.978879785079214,0,0,0
-0.451883772274732,0.0254404948933985,-0.978791345415698,0,0,0
-0.450691335050343,0.025531231298901,-0.978703935459839,0,0,0
-0.449498354909383,0.0256214063707188,-0.978617562898833,0,0,0
-0.448304848429548,0.0257110181262482,-0.97853223532864,0,0,0
-0.447110832234819,0.0258000645952713,-0.978447960253321,0,0,0
-0.445916322994007,0.0258885438199983,-0.978364745084376,0,0,0
-0.444721337419281,0.0259764538551109,-0.978282597140091,0,0,0
-0.443525892264701,0.0260637927678053,-0.978201523644899,0,0,0
-0.442330004324745,0.0261505586378342,-0.978121531728737,0,0,0
-0.441133690432833,0.0262367495575496,-0.978042628426428,0,0,0
-0.439936967459842,0.0263223636319443,-0.977964820677055,0,0,0
-0.438739852312627,0.0264073989786937,-0.977888115323355,0,0,0
-0.437542361932531,0.0264918537281972,-0.977812519111114,0,0,0
-0.436344513293899,0.0265757260236195,-0.977738038688576,0,0,0
-0.435146323402581,0.0266590140209309,-0.97766468060586,0,0,0
-0.433947809294437,0.0267417158889484,-0.977592451314379,0,0,0
-0.432748988033843,0.0268238298093757,-0.977521357166277,0,0,0
-0.431549876712185,0.0269053539768431,-0.977451404413868,0,0,0
-0.430350492446359,0.0269862865989473,-0.977382599209088,0,0,0
-0.429150852377266,0.0270666258962911,-0.977314947602951,0,0,0
-0.4279509736683,0.0271463701025219,-0.977248455545021,0,0,0
-0.426750873503845,0.0272255174643709,-0.977183128882884,0,0,0
-0.42555056908776,0.0273040662416919,-0.977118973361639,0,0,0
-0.424350077641867,0.0273820147074989,-0.977055994623389,0,0,0
-0.423149416404434,0.0274593611480046,-0.976994198206744,0,0,0
-0.421948602628665,0.0275361038626581,-0.976933589546338,0,0,0
-0.420747653581176,0.0276122411641818,-0.976874173972348,0,0,0
-0.419546586540479,0.0276877713786091,-0.976815956710027,0,0,0
-0.418345418795466,0.0277626928453206,-0.976758942879241,0,0,0
-0.417144167643881,0.0278370039170813,-0.976703137494023,0,0,0
-0.415942850390807,0.0279107029600761,-0.976648545462131,0,0,0
-0.414741484347138,0.0279837883539462,-0.976595171584615,0,0,0
-0.41354008682806,0.0280562584918246,-0.976543020555394,0,0,0
-0.412338675151526,0.0281281117803714,-0.976492096960846,0,0,0
-0.411137266636735,0.0281993466398089,-0.976442405279404,0,0,0
-0.409935878602607,0.0282699615039562,-0.97639394988116,0,0,0
-0.408734528366262,0.0283399548202637,-0.976346735027483,0,0,0
-0.407533233241495,0.0284093250498473,-0.976300764870644,0,0,0
-0.406332010537255,0.0284780706675222,-0.976256043453447,0,0,0
-0.405130877556122,0.0285461901618364,-0.976212574708881,0,0,0
-0.403929851592783,0.0286136820351039,-0.976170362459767,0,0,0
-0.402728949932518,0.0286805448034377,-0.976129410418425,0,0,0
-0.401528189849671,0.0287467769967824,-0.976089722186347,0,0,0
-0.400327588606137,0.0288123771589467,-0.976051301253883,0,0,0
-0.399127163449842,0.0288773438476348,-0.976014150999927,0,0,0
-0.397926931613226,0.0289416756344791,-0.975978274691627,0,0,0
-0.396726910311727,0.0290053711050705,-0.975943675484095,0,0,0
-0.39552711674227,0.0290684288589905,-0.975910356420128,0,0,0
-0.394327568081749,0.0291308475098414,-0.975878320429943,0,0,0
-0.393128281485521,0.0291926256852767,-0.975847570330918,0,0,0
-0.391929274085898,0.0292537620270318,-0.975818108827345,0,0,0
-0.390730562990635,0.0293142551909534,-0.975789938510189,0,0,0
-0.389532165281431,0.0293741038470292,-0.975763061856866,0,0,0
-0.388334098012423,0.0294333066794173,-0.975737481231021,0,0,0
-0.38713637820869,0.0294918623864748,-0.975713198882318,0,0,0
-0.385939022864751,0.0295497696807867,-0.97569021694625,0,0,0
-0.384742048943074,0.029607027289194,-0.975668537443942,0,0,0
-0.383545473372583,0.029663633952822,-0.97564816228198,0,0,0
-0.38234931304717,0.0297195884271075,-0.975629093252241,0,0,0
-0.381153584824207,0.0297748894818268,-0.975611332031733,0,0,0
-0.379958305523067,0.029829535901122,-0.975594880182453,0,0,0
-0.378763491923643,0.0298835264835283,-0.975579739151244,0,0,0
-0.377569160764869,0.0299368600420003,-0.975565910269672,0,0,0
-0.376375328743255,0.0299895354039379,-0.975553394753904,0,0,0
-0.375182012511413,0.0300415514112124,-0.975542193704609,0,0,0
-0.373989228676594,0.0300929069201914,-0.975532308106853,0,0,0
-0.37279699379923,0.0301436008017648,-0.975523738830015,0,0,0
-0.371605324391473,0.0301936319413688,-0.975516486627714,0,0,0
-0.370414236915746,0.0302429992390109,-0.975510552137739,0,0,0
-0.369223747783294,0.0302917016092939,-0.975505935881994,0,0,0
-0.368033873352743,0.0303397379814397,-0.97550263826645,0,0,0
-0.366844629928658,0.0303871072993132,-0.975500659581114,0,0,0
-0.365656033760111,0.0304338085214449,-0.9755,0,0,0
-0.364468101039251,0.0304798406210545,-0.975500659581114,0,0,0
-0.363280847899881,0.0305252025860729,-0.97550263826645,0,0,0
-0.362094290416042,0.0305698934191649,-0.975505935881994,0,0,0
-0.36090844460059,0.0306139121377506,-0.975510552137739,0,0,0
-0.359723326403798,0.0306572577740276,-0.975516486627714,0,0,0
-0.35853895171195,0.0306999293749919,-0.975523738830015,0,0,0
-0.35735533634594,0.0307419260024589,-0.975532308106853,0,0,0
-0.356172496059886,0.0307832467330841,-0.975542193704609,0,0,0
-0.354990446539741,0.0308238906583835,-0.975553394753904,0,0,0
-0.353809203401916,0.0308638568847532,-0.975565910269672,0,0,0
-0.352628782191904,0.0309031445334896,-0.975579739151244,0,0,0
-0.351449198382914,0.030941752740808,-0.975594880182453,0,0,0
-0.350270467374514,0.0309796806578625,-0.975611332031733,0,0,0
-0.349092604491268,0.0310169274507638,-0.975629093252241,0,0,0
-0.347915624981397,0.031053492300598,-0.97564816228198,0,0,0
-0.346739544015435,0.0310893744034446,-0.975668537443942,0,0,0
-0.34556437668489,0.031124572970394,-0.97569021694625,0,0,0
-0.344390138000926,0.031159087227565,-0.975713198882318,0,0,0
-0.343216842893036,0.0311929164161216,-0.975737481231021,0,0,0
-0.34204450620773,0.0312260597922899,-0.975763061856866,0,0,0
-0.340873142707231,0.0312585166273745,-0.975789938510189,0,0,0
-0.339702767068178,0.0312902862077742,-0.975818108827345,0,0,0
-0.33853339388033,0.0313213678349981,-0.975847570330918,0,0,0
-0.337365037645289,0.0313517608256805,-0.975878320429943,0,0,0
-0.336197712775221,0.0313814645115964,-0.975910356420128,0,0,0
-0.335031433591589,0.0314104782396759,-0.975943675484095,0,0,0
-0.333866214323894,0.0314388013720184,-0.975978274691627,0,0,0
-0.332702069108425,0.0314664332859073,-0.976014150999927,0,0,0
-0.331539011987014,0.0314933733738227,-0.976051301253883,0,0,0
-0.330377056905799,0.0315196210434558,-0.976089722186347,0,0,0
-0.329216217714004,0.0315451757177211,-0.976129410418425,0,0,0
-0.328056508162713,0.0315700368347695,-0.976170362459767,0,0,0
-0.326897941903669,0.0315942038480005,-0.976212574708881,0,0,0
-0.325740532488065,0.0316176762260744,-0.976256043453447,0,0,0
-0.324584293365358,0.0316404534529238,-0.976300764870644,0,0,0
-0.323429237882087,0.0316625350277649,-0.976346735027483,0,0,0
-0.322275379280693,0.0316839204651088,-0.97639394988116,0,0,0
-0.32112273069836,0.0317046092947719,-0.976442405279404,0,0,0
-0.319971305165858,0.0317246010618862,-0.976492096960846,0,0,0
-0.318821115606398,0.0317438953269097,-0.976543020555394,0,0,0
-0.317672174834491,0.0317624916656356,-0.976595171584615,0,0,0
-0.316524495554829,0.0317803896692017,-0.976648545462131,0,0,0
-0.315378090361158,0.0317975889440999,-0.976703137494023,0,0,0
-0.31423297173518,0.0318140891121841,-0.976758942879241,0,0,0
-0.31308915204545,0.031829889810679,-0.976815956710027,0,0,0
-0.311946643546286,0.031844990692188,-0.976874173972348,0,0,0
-0.310805458376699,0.0318593914247007,-0.976933589546338,0,0,0
-0.309665608559318,0.0318730916916004,-0.976994198206744,0,0,0
-0.308527105999336,0.0318860911916707,-0.977055994623389,0,0,0
-0.307389962483463,0.0318983896391026,-0.977118973361639,0,0,0
-0.30625418967889,0.0319099867635006,-0.977183128882884,0,0,0
-0.305119799132259,0.0319208823098883,-0.977248455545021,0,0,0
-0.303986802268654,0.0319310760387147,-0.977314947602951,0,0,0
-0.302855210390591,0.0319405677258587,-0.977382599209088,0,0,0
-0.301725034677025,0.0319493571626347,-0.977451404413868,0,0,0
-0.30059628618237,0.0319574441557967,-0.977521357166277,0,0,0
-0.299468975835522,0.0319648285275428,-0.977592451314379,0,0,0
-0.298343114438901,0.031971510115519,-0.97766468060586,0,0,0
-0.297218712667501,0.0319774887728228,-0.977738038688576,0,0,0
-0.29609578106795,0.0319827643680066,-0.977812519111114,0,0,0
-0.294974330057584,0.0319873367850804,-0.977888115323355,0,0,0
-0.293854369923527,0.0319912059235141,-0.977964820677055,0,0,0
-0.292735910821792,0.0319943716982404,-0.978042628426428,0,0,0
-0.291618962776385,0.031996834039656,-0.978121531728737,0,0,0
-0.290503535678421,0.0319985928936234,-0.978201523644899,0,0,0
-0.28938963928526,0.0319996482214723,-0.978282597140091,0,0,0
-0.288277283219641,0.032,-0.978364745084376,0,0,0
-0.287166476968845,0.0319996482214723,-0.978447960253321,0,0,0
-0.286057229883852,0.0319985928936234,-0.97853223532864,0,0,0
-0.284949551178526,0.031996834039656,-0.978617562898833,0,0,0
-0.283843449928797,0.0319943716982404,-0.978703935459839,0,0,0
-0.282738935071871,0.0319912059235141,-0.978791345415698,0,0,0
-0.281636015405437,0.0319873367850804,-0.978879785079214,0,0,0
-0.280534699586899,0.0319827643680066,-0.978969246672638,0,0,0
-0.27943499613261,0.0319774887728228,-0.979059722328344,0,0,0
-0.278336913417126,0.031971510115519,-0.97915120408953,0,0,0
-0.277240459672467,0.0319648285275428,-0.979243683910909,0,0,0
-0.276145642987397,0.0319574441557967,-0.979337153659422,0,0,0
-0.275052471306708,0.0319493571626347,-0.979431605114951,0,0,0
-0.273960952430525,0.0319405677258587,-0.979527029971045,0,0,0
-0.272871094013617,0.0319310760387147,-0.979623419835645,0,0,0
-0.271782903564727,0.0319208823098883,-0.979720766231826,0,0,0
-0.270696388445909,0.0319099867635006,-0.979819060598543,0,0,0
-0.269611555871882,0.0318983896391026,-0.979918294291381,0,0,0
-0.268528412909393,0.0318860911916707,-0.980018458583317,0,0,0
-0.267446966476602,0.0318730916916004,-0.980119544665489,0,0,0
-0.266367223342464,0.0318593914247007,-0.980221543647967,0,0,0
-0.265289190126143,0.031844990692188,-0.980324446560537,0,0,0
-0.264212873296423,0.0318298898106791,-0.98042824435349,0,0,0
-0.263138279171143,0.0318140891121841,-0.980532927898418,0,0,0
-0.262065413916641,0.0317975889440999,-0.980638487989015,0,0,0
-0.260994283547208,0.0317803896692017,-0.980744915341889,0,0,0
-0.259924893924566,0.0317624916656356,-0.980852200597377,0,0,0
-0.258857250757345,0.0317438953269097,-0.980960334320369,0,0,0
-0.257791359600587,0.0317246010618862,-0.981069307001137,0,0,0
-0.256727225855253,0.0317046092947719,-0.98117910905617,0,0,0
-0.255664854767752,0.0316839204651088,-0.981289730829021,0,0,0
-0.254604251429476,0.0316625350277649,-0.981401162591153,0,0,0
-0.253545420776354,0.0316404534529238,-0.981513394542792,0,0,0
-0.252488367588418,0.0316176762260744,-0.981626416813797,0,0,0
-0.251433096489382,0.0315942038480005,-0.98174021946452,0,0,0
-0.250379611946236,0.0315700368347695,-0.981854792486683,0,0,0
-0.249327918268853,0.0315451757177211,-0.98197012580426,0,0,0
-0.24827801960961,0.0315196210434558,-0.98208620927436,0,0,0
-0.247229919963022,0.0314933733738227,-0.982203032688122,0,0,0
-0.246183623165392,0.0314664332859073,-0.982320585771609,0,0,0
-0.245139132894473,0.0314388013720184,-0.982438858186716,0,0,0
-0.244096452669143,0.0314104782396759,-0.982557839532077,0,0,0
-0.243055585849098,0.0313814645115964,-0.982677519343977,0,0,0
-0.242016535634558,0.0313517608256805,-0.982797887097277,0,0,0
-0.24097930506598,0.0313213678349981,-0.982918932206339,0,0,0
-0.239943897023795,0.0312902862077742,-0.983040644025953,0,0,0
-0.238910314228153,0.0312585166273745,-0.983163011852277,0,0,0
-0.237878559238684,0.0312260597922899,-0.983286024923777,0,0,0
-0.236848634454275,0.0311929164161216,-0.983409672422172,0,0,0
-0.235820542112856,0.031159087227565,-0.983533943473388,0,0,0
-0.234794284291203,0.031124572970394,-0.983658827148515,0,0,0
-0.23376986290476,0.0310893744034446,-0.983784312464763,0,0,0
-0.232747279707463,0.031053492300598,-0.983910388386433,0,0,0
-0.231726536291593,0.0310169274507638,-0.984037043825886,0,0,0
-0.230707634087633,0.0309796806578625,-0.984164267644516,0,0,0
-0.229690574364141,0.030941752740808,-0.984292048653734,0,0,0
-0.22867535822764,0.0309031445334896,-0.984420375615947,0,0,0
-0.227661986622521,0.0308638568847532,-0.98454923724555,0,0,0
-0.226650460330958,0.0308238906583835,-0.984678622209916,0,0,0
-0.225640779972841,0.0307832467330841,-0.984808519130396,0,0,0
-0.224632946005722,0.0307419260024589,-0.984938916583315,0,0,0
-0.223626958724772,0.0306999293749919,-0.985069803100979,0,0,0
-0.222622818262757,0.0306572577740276,-0.985201167172686,0,0,0
-0.221620524590028,0.0306139121377506,-0.985332997245735,0,0,0
-0.22062007751452,0.0305698934191649,-0.985465281726441,0,0,0
-0.21962147668177,0.0305252025860729,-0.985598008981159,0,0,0
-0.218624721574951,0.0304798406210545,-0.985731167337303,0,0,0
-0.217629811514912,0.0304338085214449,-0.985864745084376,0,0,0
-0.216636745660245,0.0303871072993132,-0.985998730474995,0,0,0
-0.215645523007352,0.0303397379814397,-0.98613311172593,0,0,0
-0.214656142390535,0.0302917016092939,-0.986267877019136,0,0,0
-0.213668602482104,0.0302429992390109,-0.986403014502793,0,0,0
-0.212682901792487,0.0301936319413688,-0.986538512292352,0,0,0
-0.211699038670362,0.0301436008017648,-0.986674358471575,0,0,0
-0.210717011302806,0.0300929069201914,-0.986810541093584,0,0,0
-0.209736817715451,0.0300415514112124,-0.986947048181915,0,0,0
-0.208758455772661,0.0299895354039379,-0.987083867731569,0,0,0
-0.207781923177713,0.0299368600420003,-0.987220987710067,0,0,0
-0.206807217473008,0.0298835264835283,-0.987358396058508,0,0,0
-0.205834336040281,0.029829535901122,-0.987496080692633,0,0,0
-0.204863276100832,0.0297748894818268,-0.987634029503884,0,0,0
-0.203894034715773,0.0297195884271075,-0.987772230360469,0,0,0
-0.202926608786283,0.029663633952822,-0.987910671108433,0,0,0
-0.201960995053885,0.029607027289194,-0.988049339572722,0,0,0
-0.200997190100727,0.0295497696807867,-0.988188223558255,0,0,0
-0.200035190349886,0.0294918623864748,-0.988327310851,0,0,0
-0.199074992065685,0.0294333066794173,-0.988466589219041,0,0,0
-0.198116591354014,0.0293741038470292,-0.988606046413662,0,0,0
-0.197159984162681,0.0293142551909534,-0.988745670170419,0,0,0
-0.19620516628176,0.0292537620270318,-0.988885448210219,0,0,0
-0.195252133343971,0.0291926256852767,-0.989025368240401,0,0,0
-0.194300880825055,0.0291308475098414,-0.989165417955817,0,0,0
-0.193351404044176,0.0290684288589905,-0.989305585039916,0,0,0
-0.192403698164333,0.0290053711050705,-0.989445857165821,0,0,0
-0.191457758192785,0.0289416756344791,-0.98958622199742,0,0,0
-0.190513578981488,0.0288773438476348,-0.989726667190447,0,0,0
-0.189571155227551,0.0288123771589467,-0.98986718039357,0,0,0
-0.188630481473701,0.0287467769967824,-0.990007749249474,0,0,0
-0.187691552108761,0.0286805448034377,-0.990148361395951,0,0,0
-0.186754361368146,0.0286136820351039,-0.990289004466986,0,0,0
-0.18581890333437,0.0285461901618364,-0.990429666093844,0,0,0
-0.184885171937566,0.0284780706675222,-0.990570333906156,0,0,0
-0.183953160956017,0.0284093250498473,-0.990710995533014,0,0,0
-0.183022864016707,0.0283399548202637,-0.990851638604049,0,0,0
-0.182094274595879,0.0282699615039562,-0.990992250750526,0,0,0
-0.181167386019613,0.0281993466398089,-0.991132819606431,0,0,0
-0.180242191464406,0.0281281117803714,-0.991273332809553,0,0,0
-0.179318683957777,0.0280562584918246,-0.991413778002581,0,0,0
-0.178396856378879,0.0279837883539462,-0.991554142834179,0,0,0
-0.177476701459125,0.0279107029600761,-0.991694414960084,0,0,0
-0.176558211782829,0.0278370039170813,-0.991834582044183,0,0,0
-0.175641379787853,0.0277626928453207,-0.991974631759599,0,0,0
-0.17472619776628,0.0276877713786091,-0.992114551789781,0,0,0
-0.173812657865084,0.0276122411641818,-0.992254329829581,0,0,0
-0.172900752086826,0.0275361038626581,-0.992393953586338,0,0,0
-0.171990472290355,0.0274593611480046,-0.992533410780959,0,0,0
-0.171081810191524,0.0273820147074989,-0.992672689149,0,0,0
-0.170174757363919,0.0273040662416919,-0.992811776441745,0,0,0
-0.169269305239601,0.0272255174643709,-0.992950660427278,0,0,0
-0.168365445109858,0.0271463701025219,-0.993089328891567,0,0,0
-0.16746316812597,0.0270666258962911,-0.993227769639531,0,0,0
-0.166562465299991,0.0269862865989474,-0.993365970496117,0,0,0
-0.165663327505535,0.0269053539768431,-0.993503919307367,0,0,0
-0.164765745478581,0.0268238298093757,-0.993641603941492,0,0,0
-0.16386970981829,0.0267417158889484,-0.993779012289933,0,0,0
-0.162975210987824,0.0266590140209309,-0.993916132268431,0,0,0
-0.162082239315195,0.0265757260236195,-0.994052951818085,0,0,0
-0.161190784994107,0.0264918537281973,-0.994189458906416,0,0,0
-0.160300838084823,0.0264073989786937,-0.994325641528425,0,0,0
-0.159412388515038,0.0263223636319443,-0.994461487707648,0,0,0
-0.158525426080765,0.0262367495575496,-0.994596985497207,0,0,0
-0.157639940447232,0.0261505586378342,-0.994732122980864,0,0,0
-0.156755921149789,0.0260637927678053,-0.99486688827407,0,0,0
-0.155873357594834,0.0259764538551109,-0.995001269525005,0,0,0
-0.154992239060738,0.0258885438199983,-0.995135254915624,0,0,0
-0.154112554698792,0.0258000645952714,-0.995268832662697,0,0,0
-0.153234293534161,0.0257110181262483,-0.995401991018841,0,0,0
-0.152357444466845,0.0256214063707188,-0.995534718273559,0,0,0
-0.151481996272663,0.0255312312989011,-0.995667002754265,0,0,0
-0.15060793760423,0.0254404948933985,-0.995798832827314,0,0,0
-0.149735256991965,0.0253491991491561,-0.995930196899021,0,0,0
-0.148863942845092,0.0252573460734165,-0.996061083416686,0,0,0
-0.147993983452664,0.025164937685676,-0.996191480869604,0,0,0
-0.147125366984591,0.0250719760176398,-0.996321377790084,0,0,0
-0.146258081492679,0.024978463113178,-0.99645076275445,0,0,0
-0.145392114911685,0.0248844010282801,-0.996579624384053,0,0,0
-0.144527455060375,0.0247897918310098,-0.996707951346266,0,0,0
-0.143664089642593,0.02469463760146,-0.996835732355484,0,0,0
-0.142802006248349,0.0245989404317066,-0.996962956174115,0,0,0
-0.141941192354904,0.0245027024257627,-0.997089611613567,0,0,0
-0.141081635327874,0.0244059256995322,-0.997215687535237,0,0,0
-0.140223322422343,0.0243086123807636,-0.997341172851485,0,0,0
-0.13936624078398,0.0242107646090029,-0.997466056526612,0,0,0
-0.138510377450171,0.0241123845355466,-0.997590327577829,0,0,0
-0.13765571935116,0.0240134743233946,-0.997713975076224,0,0,0
-0.136802253311197,0.0239140361472025,-0.997836988147723,0,0,0
-0.1359499660497,0.0238140721932336,-0.997959355974047,0,0,0
-0.135098844182415,0.0237135846593112,-0.998081067793661,0,0,0
-0.134248874222604,0.0236125757547703,-0.998202112902723,0,0,0
-0.133400042582223,0.0235110477004084,-0.998322480656023,0,0,0
-0.132552335573118,0.0234090027284374,-0.998442160467923,0,0,0
-0.131705739408234,0.0233064430824343,-0.998561141813284,0,0,0
-0.130860240202819,0.0232033710172915,-0.998679414228391,0,0,0
-0.130015823975655,0.0230997887991678,-0.998796967311878,0,0,0
-0.129172476650278,0.0229956987054383,-0.99891379072564,0,0,0
-0.128330184056223,0.0228911030246441,-0.99902987419574,0,0,0
-0.127488931930266,0.0227860040564424,-0.999145207513317,0,0,0
-0.126648705917681,0.0226804041115558,-0.99925978053548,0,0,0
-0.125809491573501,0.0225743055117212,-0.999373583186203,0,0,0
-0.124971274363789,0.0224677105896393,-0.999486605457208,0,0,0
-0.124134039666914,0.0223606216889229,-0.999598837408848,0,0,0
-0.123297772774843,0.0222530411640455,-0.999710269170979,0,0,0
-0.122462458894424,0.0221449713802895,-0.99982089094383,0,0,0
-0.1216280831487,0.0220364147136942,-0.999930692998863,0,0,0
-0.120794630578205,0.0219273735510036,-1.00003966567963,0,0,0
-0.119962086142288,0.021817850289614,-1.00014779940262,0,0,0
-0.119130434720432,0.0217078473375211,-1.00025508465811,0,0,0
-0.118299661113585,0.0215973671132672,-1.00036151201099,0,0,0
-0.117469750045497,0.021486412045888,-1.00046707210158,0,0,0
-0.116640686164061,0.021374984574859,-1.00057175564651,0,0,0
-0.115812454042666,0.0212630871500423,-1.00067555343946,0,0,0
-0.114985038181553,0.0211507222316323,-1.00077845635203,0,0,0
-0.114158423009176,0.021037892290102,-1.00088045533451,0,0,0
-0.113332592883575,0.0209245998061481,-1.00098154141668,0,0,0
-0.112507532093748,0.0208108472706371,-1.00108170570862,0,0,0
-0.111683224861036,0.0206966371845504,-1.00118093940146,0,0,0
-0.110859655340509,0.0205819720589288,-1.00127923376817,0,0,0
-0.110036807622358,0.0204668544148179,-1.00137658016436,0,0,0
-0.109214665733298,0.0203512867832124,-1.00147297002896,0,0,0
-0.108393213637967,0.0202352717050007,-1.00156839488505,0,0,0
-0.107572435240343,0.0201188117309083,-1.00166284634058,0,0,0
-0.106752314385155,0.0200019094214429,-1.00175631608909,0,0,0
-0.105932834859305,0.019884567346837,-1.00184879591047,0,0,0
-0.105113980393294,0.0197667880869919,-1.00194027767166,0,0,0
-0.104295734662652,0.0196485742314212,-1.00203075332736,0,0,0
-0.103478081289375,0.0195299283791934,-1.00212021492079,0,0,0
-0.102661003843364,0.0194108531388747,-1.0022086545843,0,0,0
-0.101844485843872,0.0192913511284725,-1.00229606454016,0,0,0
-0.10102851076095,0.0191714249753766,-1.00238243710117,0,0,0
-0.100213062016904,0.0190510773163025,-1.00246776467136,0,0,0
-0.0993981229877505,0.0189303107972327,-1.00255203974668,0,0,0
