8
6.99943e-08,1.92734e-07,7.00023e-08,7.4902e-08,1.92804e-07,2.06688e-07,7.49095e-08,1.9457e-07
-94.4485,-113.246,-104.449,-105.037,-113.25,-113.854,-105.038,-113.329
0,3.14159,3.14159,3.14159,6.28319,6.28319,6.28319,6.28319
106.603,95.9563,106.601,116.425,95.9541,95.5529,116.422,99.8645
186.334,249.638,173.591,186.334,110.343,251.079,173.591,249.638
73.3971,84.0437,73.399,116.425,84.0459,84.4471,116.422,99.8645
6.3339,290.339,6.39728,6.3339,290.332,71.0908,6.39728,290.339
8
1.02249e-07,2.06638e-07,1.02254e-07,1.05669e-07,2.06703e-07,2.19717e-07,2.08352e-07,1.05674e-07
-97.7404,-113.851,-107.741,-108.026,-113.854,-114.384,-113.923,-108.027
0,3.14159,3.14159,3.14159,6.28319,6.28319,6.28319,6.28319
101.28,95.5542,101.279,108.388,95.5525,95.2227,99.2061,108.387
184.232,240.897,175.714,184.232,119.082,242.793,240.897,175.714
78.7201,84.4458,78.7207,108.388,84.4475,84.7773,99.2061,108.387
4.23217,299.08,4.27472,4.23217,299.07,62.8044,299.08,4.27472
8
1.35028e-07,2.24666e-07,1.35032e-07,1.37636e-07,2.24726e-07,2.36755e-07,2.26243e-07,1.3764e-07
-100.156,-114.578,-110.156,-110.322,-114.58,-115.033,-114.639,-110.322
0,3.14159,3.14159,3.14159,6.28319,6.28319,6.28319,6.28319
98.5178,95.1073,98.5176,104.016,95.1059,94.8459,98.4725,104.015
183.177,233.417,176.78,183.177,126.561,235.573,233.417,176.78
81.4822,84.8927,81.4824,104.016,84.8941,85.1541,98.4725,104.015
3.17666,306.561,3.20864,3.17666,306.549,55.5846,306.561,3.20864
8
1.68025e-07,2.45911e-07,1.68029e-07,1.70128e-07,2.45966e-07,2.57008e-07,2.47353e-07,1.70132e-07
-102.055,-115.363,-112.055,-112.163,-115.365,-115.746,-115.414,-112.163
0,3.14159,3.14159,3.14159,6.28319,6.28319,6.28319,6.28319
96.8361,94.665,96.836,101.299,94.664,94.4632,97.7448,101.299
182.542,227.145,177.421,182.542,132.832,229.412,227.145,177.421
83.1639,85.335,83.164,101.299,85.336,85.5368,97.7448,101.299
2.54226,312.832,2.56788,2.54226,312.82,49.4237,312.832,2.56788
7
2.02064e-07,2.60915e-07,2.02072e-07,2.03816e-07,2.60963e-07,2.62274e-07,2.03824e-07
-103.657,-115.877,-113.657,-113.732,-115.879,-115.922,-113.732
0,3.14159,3.14159,3.14159,6.28319,6.28319,6.28319
95.6804,94.3962,95.6801,99.4128,94.3954,97.3017,99.4124
185.919,219.744,174.049,185.919,140.232,219.744,174.049
84.3196,85.6038,84.3199,99.4128,85.6046,97.3017,99.4124
5.91852,320.233,5.93968,5.91852,320.22,320.233,5.93968
5
2.19177e-07,2.19207e-07,2.20794e-07,3.40314e-07,2.20823e-07
-104.363,-114.364,-114.427,-118.185,-114.428
0,3.14159,3.14159,6.28319,6.28319
95.2355,95.2348,98.6832,93.3692,98.682
203.605,156.365,203.605,233.923,156.365
84.7645,84.7652,98.6832,86.6308,98.682
23.6053,23.6233,23.6053,53.9345,23.6233
8
1.89253e-07,1.95227e-07,1.89287e-07,1.91122e-07,1.95265e-07,1.9704e-07,3.21857e-07,1.91156e-07
-103.088,-113.358,-113.09,-113.173,-113.36,-113.438,-117.7,-113.175
0,3.14159,3.14159,3.14159,6.28319,6.28319,6.28319,6.28319
96.0663,95.88,96.0652,100.044,95.8788,99.7396,93.5626,100.042
207.673,210.881,152.296,207.673,149.089,210.881,238.735,152.296
83.9337,84.12,83.9348,100.044,84.1212,99.7396,86.4374,100.042
27.6725,329.096,27.6926,27.6725,329.077,329.096,58.7461,27.6926
8
1.60675e-07,1.67679e-07,1.60716e-07,1.62873e-07,1.67723e-07,1.69786e-07,3.05928e-07,1.62913e-07
-101.666,-112.037,-111.668,-111.784,-112.039,-112.145,-117.26,-111.786
0,3.14159,3.14159,3.14159,6.28319,6.28319,6.28319,6.28319
97.1504,96.8503,97.1486,101.809,96.8485,101.322,93.7484,101.807
213.245,216.783,146.721,213.245,143.184,216.783,244.091,146.721
82.8496,83.1497,82.8514,101.809,83.1515,101.322,86.2516,101.807
33.2448,323.194,33.2673,33.2448,323.173,323.194,64.1022,33.2673
8
1.34308e-07,1.42621e-07,1.34357e-07,1.3693e-07,1.42674e-07,1.45093e-07,2.9294e-07,1.36978e-07
-100.109,-110.631,-110.112,-110.277,-110.634,-110.78,-116.883,-110.28
0,3.14159,3.14159,3.14159,6.28319,6.28319,6.28319,6.28319
98.5638,98.0612,98.5607,104.089,98.0583,103.282,93.9148,104.084
221.153,224.914,138.811,221.153,135.053,224.914,249.98,138.811
81.4362,81.9388,81.4393,104.089,81.9417,103.282,86.0852,104.084
41.1535,315.063,41.1777,41.1535,315.042,315.063,69.9912,41.1777
8
1.11728e-07,1.21605e-07,1.11787e-07,1.14867e-07,1.21666e-07,1.24495e-07,2.83299e-07,1.14923e-07
-98.5105,-109.246,-108.515,-108.751,-109.251,-109.45,-116.592,-108.755
0,3.14159,3.14159,3.14159,6.28319,6.28319,6.28319,6.28319
100.312,99.4663,100.306,106.869,99.4615,105.53,94.0483,106.861
232.664,236.233,127.3,232.664,123.735,236.233,256.343,127.3
79.6881,80.5337,79.6936,106.869,80.5385,105.53,85.9517,106.861
52.6645,303.744,52.6881,52.6645,303.724,303.744,76.3547,52.6881
8
9.5655e-08,1.07037e-07,9.57232e-08,9.93025e-08,1.07107e-07,1.10309e-07,2.77354e-07,9.93682e-08
-97.1614,-108.138,-107.168,-107.486,-108.144,-108.399,-116.408,-107.492
0,3.14159,3.14159,3.14159,6.28319,6.28319,6.28319,6.28319
102.069,100.769,102.06,109.614,100.762,107.589,94.1352,109.6
249.124,251.517,110.849,249.124,108.459,251.517,263.068,110.849
77.9313,79.2309,77.94,109.614,79.238,107.589,85.8648,109.6
69.1237,288.46,69.14,69.1237,288.447,288.46,83.0792,69.14
8
8.96591e-08,1.01727e-07,8.97319e-08,9.35407e-08,1.018e-07,1.05164e-07,2.75343e-07,9.36105e-08
-96.5991,-107.696,-106.606,-106.967,-107.702,-107.985,-116.345,-106.974
0,3.14159,3.14159,3.14159,6.28319,6.28319,6.28319,6.28319
102.889,101.339,102.879,110.876,101.33,108.48,94.1654,110.86
270,269.999,89.9885,270,89.99,269.999,269.989,89.9885
77.1108,78.6615,77.1214,110.876,78.6698,108.48,85.8346,110.86
90,269.978,90,90,269.979,269.978,90,90
8
9.5655e-08,1.0706e-07,9.57232e-08,9.93025e-08,1.0713e-07,1.10332e-07,2.77354e-07,9.93682e-08
-97.1614,-108.14,-107.168,-107.486,-108.145,-108.401,-116.408,-107.492
0,3.14159,3.14159,3.14159,6.28319,6.28319,6.28319,6.28319
102.069,100.767,102.06,109.614,100.76,107.585,94.1352,109.6
290.876,288.476,69.1286,290.876,71.5255,288.476,276.909,69.1286
77.9313,79.2333,77.94,109.614,79.2404,107.585,85.8648,109.6
110.876,251.501,110.86,110.876,251.514,251.501,96.9208,110.86
8
1.11728e-07,1.21646e-07,1.11787e-07,1.14867e-07,1.21707e-07,1.24535e-07,2.83299e-07,1.14923e-07
-98.5105,-109.249,-108.515,-108.751,-109.254,-109.453,-116.592,-108.755
0,3.14159,3.14159,3.14159,6.28319,6.28319,6.28319,6.28319
100.312,99.463,100.306,106.869,99.4582,105.525,94.0483,106.861
307.336,303.751,52.6766,307.336,56.2578,303.751,283.634,52.6766
79.6881,80.537,79.6936,106.869,80.5418,105.525,85.9517,106.861
127.336,236.227,127.312,127.336,236.246,236.227,103.645,127.312
