6
6.2914e-08,6.898e-08,6.898e-08,6.6017e-08,6.4173e-08,6.6017e-08
-93.5222,-104.3217,-104.3217,-103.9403,-103.6943,-103.9403
0,3.1416,3.1416,3.1416,3.1416,3.1416
84.5275,85.01,85.01,84.7854,102.6009,84.7854
244.7989,247.1663,112.8337,239.5345,244.7989,300.4655
95.4725,94.99,94.99,95.2146,102.6009,95.2146
64.7989,292.8337,67.1663,120.4655,64.7989,59.5345
6
6.2165e-08,6.8216e-08,6.9746e-08,6.5303e-08,6.3439e-08,6.5303e-08
-93.4181,-104.2249,-104.4176,-103.8459,-103.5943,-103.8459
0,3.1416,3.1416,3.1416,3.1416,3.1416
84.4613,84.9539,85.0649,84.7283,102.7493,84.7283
244.4703,246.8937,112.567,239.1622,244.4703,300.8378
95.5387,95.0461,94.9351,95.2717,102.7493,95.2717
64.4703,293.1063,67.433,120.8378,64.4703,59.1622
6
6.1418e-08,6.7453e-08,7.0513e-08,6.4592e-08,6.2707e-08,6.4592e-08
-93.3131,-104.1272,-104.5126,-103.7508,-103.4935,-103.7508
0,3.1416,3.1416,3.1416,3.1416,3.1416
84.3937,84.8967,85.1188,84.6701,102.9007,84.6701
244.1336,246.6148,112.3062,238.7816,244.1336,301.2184
95.6063,95.1033,94.8812,95.3299,102.9007,95.3299
64.1336,293.3852,67.6938,121.2184,64.1336,58.7816
6
6.0672e-08,6.6692e-08,7.1282e-08,6.3884e-08,6.1977e-08,6.3884e-08
-93.207,-104.0287,-104.6068,-103.655,-103.3918,-103.655
0,3.1416,3.1416,3.1416,3.1416,3.1416
84.3246,84.8383,85.1716,84.6108,103.0553,84.6108
243.7886,246.3295,112.0511,238.3925,243.7886,301.6075
95.6754,95.1617,94.8284,95.3892,103.0553,95.3892
63.7886,293.6705,67.9489,121.6075,63.7886,58.3925
6
5.993e-08,6.5933e-08,7.2052e-08,6.3179e-08,6.125e-08,6.3179e-08
-93.1,-103.9292,-104.7002,-103.5586,-103.2893,-103.5586
0,3.1416,3.1416,3.1416,3.1416,3.1416
84.2541,84.7787,85.2233,84.5505,103.213,84.5505
243.4349,246.0375,111.8014,237.9946,243.4349,302.0054
95.7459,95.2213,94.7767,95.4495,103.213,95.4495
63.4349,293.9625,68.1986,122.0054,63.4349,57.9946
6
5.9189e-08,6.5175e-08,7.2824e-08,6.2477e-08,6.0526e-08,6.2477e-08
-92.9921,-103.8289,-104.7927,-103.4616,-103.186,-103.4616
0,3.1416,3.1416,3.1416,3.1416,3.1416
84.1819,84.7179,85.274,84.4891,103.374,84.4891
243.0723,245.7387,111.5571,237.5877,243.0723,302.4123
95.8181,95.2821,94.726,95.5109,103.374,95.5109
63.0723,294.2613,68.4429,122.4123,63.0723,57.5877
6
5.8451e-08,6.442e-08,7.3597e-08,6.1778e-08,5.9804e-08,6.1778e-08
-92.8831,-103.7276,-104.8845,-103.3639,-103.0819,-103.3639
0,3.1416,3.1416,3.1416,3.1416,3.1416
84.1082,84.6558,85.3238,84.4266,103.5384,84.4266
242.7004,245.4328,111.3179,237.1715,242.7004,302.8285
95.8918,95.3442,94.6762,95.5734,103.5384,95.5734
62.7004,294.5672,68.6821,122.8285,62.7004,57.1715
6
5.7716e-08,6.3666e-08,7.4372e-08,6.1083e-08,5.9086e-08,6.1083e-08
-92.7731,-103.6254,-104.9754,-103.2656,-102.9769,-103.2656
0,3.1416,3.1416,3.1416,3.1416,3.1416
84.0329,84.5923,85.3726,84.3629,103.7062,84.3629
242.3189,245.1196,111.0838,236.7456,242.3189,303.2544
95.9671,95.4077,94.6274,95.6371,103.7062,95.6371
62.3189,294.8804,68.9162,123.2544,62.3189,56.7456
6
5.6983e-08,6.2914e-08,7.5147e-08,6.0391e-08,5.837e-08,6.0391e-08
-92.6622,-103.5222,-105.0655,-103.1667,-102.8711,-103.1667
0,3.1416,3.1416,3.1416,3.1416,3.1416
83.9559,84.5275,85.4204,84.2981,103.8775,84.2981
241.9275,244.7989,110.8545,236.3099,241.9275,303.6901
96.0441,95.4725,94.5796,95.7019,103.8775,95.7019
61.9275,295.2011,69.1455,123.6901,61.9275,56.3099
6
5.6254e-08,6.2165e-08,7.5924e-08,5.9703e-08,5.7658e-08,5.9703e-08
-92.5502,-103.4181,-105.1548,-103.0672,-102.7644,-103.0672
0,3.1416,3.1416,3.1416,3.1416,3.1416
83.8772,84.4613,85.4674,84.2322,104.0525,84.2322
241.5258,244.4703,110.6299,235.8641,241.5258,304.1359
96.1228,95.5387,94.5326,95.7678,104.0525,95.7678
61.5258,295.5297,69.3701,124.1359,61.5258,55.8641
6
5.5527e-08,6.1418e-08,7.6702e-08,5.9019e-08,5.6949e-08,5.9019e-08
-92.4373,-103.3131,-105.2434,-102.967,-102.657,-102.967
0,3.1416,3.1416,3.1416,3.1416,3.1416
83.7967,84.3937,85.5135,84.1651,104.2311,84.1651
241.1134,244.1336,110.4099,235.4077,241.1134,304.5923
96.2033,95.6063,94.4865,95.8349,104.2311,95.8349
61.1134,295.8664,69.5901,124.5923,61.1134,55.4077
6
5.4803e-08,6.0672e-08,7.7481e-08,5.8338e-08,5.6244e-08,5.8338e-08
-92.3233,-103.207,-105.3312,-102.8663,-102.5487,-102.8663
0,3.1416,3.1416,3.1416,3.1416,3.1416
83.7145,84.3246,85.5587,84.0968,104.4134,84.0968
240.69,243.7886,110.1943,234.9406,240.69,305.0594
96.2855,95.6754,94.4413,95.9032,104.4134,95.9032
60.69,296.2114,69.8057,125.0594,60.69,54.9406
6
5.4082e-08,5.993e-08,7.8262e-08,5.7662e-08,5.5542e-08,5.7662e-08
-92.2083,-103.1,-105.4182,-102.765,-102.4396,-102.765
0,3.1416,3.1416,3.1416,3.1416,3.1416
83.6304,84.2541,85.6031,84.0273,104.5996,84.0273
240.2551,243.4349,109.9831,234.4623,240.2551,305.5377
96.3696,95.7459,94.3969,95.9727,104.5996,95.9727
60.2551,296.5651,70.0169,125.5377,60.2551,54.4623
6
5.3365e-08,5.9189e-08,7.9043e-08,5.699e-08,5.4843e-08,5.699e-08
-92.0923,-102.9921,-105.5045,-102.6631,-102.3297,-102.6631
0,3.1416,3.1416,3.1416,3.1416,3.1416
83.5444,84.1819,85.6466,83.9566,104.7897,83.9566
239.8084,243.0723,109.7761,233.9726,239.8084,306.0274
96.4556,95.8181,94.3534,96.0434,104.7897,96.0434
59.8084,296.9277,70.2239,126.0274,59.8084,53.9726
6
5.2651e-08,5.8451e-08,7.9826e-08,5.6321e-08,5.4149e-08,5.6321e-08
-91.9753,-102.8831,-105.5901,-102.5607,-102.219,-102.5607
0,3.1416,3.1416,3.1416,3.1416,3.1416
83.4565,84.1082,85.6894,83.8846,104.9838,83.8846
239.3493,242.7004,109.5731,233.4711,239.3493,306.5289
96.5435,95.8918,94.3106,96.1154,104.9838,96.1154
59.3493,297.2996,70.4269,126.5289,59.3493,53.4711
6
5.194e-08,5.7716e-08,8.0609e-08,5.5658e-08,5.3458e-08,5.5658e-08
-91.8573,-102.7731,-105.6749,-102.4578,-102.1075,-102.4578
0,3.1416,3.1416,3.1416,3.1416,3.1416
83.3666,84.0329,85.7313,83.8114,105.182,83.8114
238.8775,242.3189,109.3741,232.9575,238.8775,307.0425
96.6334,95.9671,94.2687,96.1886,105.182,96.1886
58.8775,297.6811,70.6259,127.0425,58.8775,52.9575
6
5.1234e-08,5.6983e-08,8.1393e-08,5.4999e-08,5.2772e-08,5.4999e-08
-91.7383,-102.6622,-105.759,-102.3543,-101.9953,-102.3543
0,3.1416,3.1416,3.1416,3.1416,3.1416
83.2746,83.9559,85.7725,83.737,105.3843,83.737
238.3925,241.9275,109.179,232.4314,238.3925,307.5686
96.7254,96.0441,94.2275,96.263,105.3843,96.263
58.3925,298.0725,70.821,127.5686,58.3925,52.4314
6
5.0531e-08,5.6254e-08,8.2179e-08,5.4345e-08,5.209e-08,5.4345e-08
-91.6183,-102.5502,-105.8424,-102.2504,-101.8823,-102.2504
0,3.1416,3.1416,3.1416,3.1416,3.1416
83.1806,83.8772,85.813,83.6613,105.5908,83.6613
237.8937,241.5258,108.9876,231.8924,237.8937,308.1076
96.8194,96.1228,94.187,96.3387,105.5908,96.3387
57.8937,298.4742,71.0124,128.1076,57.8937,51.8924
6
4.9832e-08,5.5527e-08,8.2965e-08,5.3696e-08,5.1412e-08,5.3696e-08
-91.4974,-102.4373,-105.9251,-102.146,-101.7686,-102.146
0,3.1416,3.1416,3.1416,3.1416,3.1416
83.0845,83.7967,85.8528,83.5843,105.8017,83.5843
237.3808,241.1134,108.7999,231.3402,237.3808,308.6598
96.9155,96.2033,94.1472,96.4157,105.8017,96.4157
57.3808,298.8866,71.2001,128.6598,57.3808,51.3402
6
4.9137e-08,5.4803e-08,8.3752e-08,5.3052e-08,5.0739e-08,5.3052e-08
-91.3754,-102.3233,-106.0072,-102.0412,-101.6541,-102.0412
0,3.1416,3.1416,3.1416,3.1416,3.1416
82.9863,83.7145,85.8918,83.5061,106.0169,83.5061
236.853,240.69,108.6157,230.7743,236.853,309.2257
97.0137,96.2855,94.1082,96.4939,106.0169,96.4939
56.853,299.31,71.3843,129.2257,56.853,50.7743
6
4.8447e-08,5.4082e-08,8.4541e-08,5.2413e-08,5.0071e-08,5.2413e-08
-91.2526,-102.2083,-106.0885,-101.936,-101.539,-101.936
0,3.1416,3.1416,3.1416,3.1416,3.1416
82.8858,83.6304,85.9302,83.4266,106.2365,83.4266
236.3099,240.2551,108.4349,230.1944,236.3099,309.8056
97.1142,96.3696,94.0698,96.5734,106.2365,96.5734
56.3099,299.7449,71.5651,129.8056,56.3099,50.1944
6
4.7761e-08,5.3365e-08,8.533e-08,5.178e-08,4.9408e-08,5.178e-08
-91.1287,-102.0923,-106.1692,-101.8304,-101.4231,-101.8304
0,3.1416,3.1416,3.1416,3.1416,3.1416
82.7832,83.5444,85.9679,83.3459,106.4606,83.3459
235.751,239.8084,108.2576,229.6001,235.751,310.3999
97.2168,96.4556,94.0321,96.6541,106.4606,96.6541
55.751,300.1916,71.7424,130.3999,55.751,49.6001
6
4.708e-08,5.2651e-08,8.6119e-08,5.1152e-08,4.875e-08,5.1152e-08
-91.004,-101.9753,-106.2492,-101.7245,-101.3067,-101.7245
0,3.1416,3.1416,3.1416,3.1416,3.1416
82.6782,83.4565,86.0049,83.2639,106.6892,83.2639
235.1755,239.3493,108.0834,228.9909,235.1755,311.0091
97.3218,96.5435,93.9951,96.7361,106.6892,96.7361
55.1755,300.6507,71.9166,131.0091,55.1755,48.9909
6
4.6404e-08,5.194e-08,8.691e-08,5.0531e-08,4.8097e-08,5.0531e-08
-90.8784,-101.8573,-106.3286,-101.6183,-101.1897,-101.6183
0,3.1416,3.1416,3.1416,3.1416,3.1416
82.571,83.3666,86.0413,83.1806,106.9224,83.1806
234.5829,238.8775,107.9125,228.3665,234.5829,311.6335
97.429,96.6334,93.9587,96.8194,106.9224,96.8194
54.5829,301.1225,72.0875,131.6335,54.5829,48.3665
6
4.5734e-08,5.1234e-08,8.7702e-08,4.9915e-08,4.7451e-08,4.9915e-08
-90.7519,-101.7383,-106.4074,-101.5119,-101.072,-101.5119
0,3.1416,3.1416,3.1416,3.1416,3.1416
82.4614,83.2746,86.0771,83.0962,107.1602,83.0962
233.9726,238.3925,107.7447,227.7263,233.9726,312.2737
97.5386,96.7254,93.9229,96.9038,107.1602,96.9038
53.9726,301.6075,72.2553,132.2737,53.9726,47.7263
6
4.5068e-08,5.0531e-08,8.8494e-08,4.9307e-08,4.681e-08,4.9307e-08
-90.6246,-101.6183,-106.4855,-101.4053,-100.9539,-101.4053
0,3.1416,3.1416,3.1416,3.1416,3.1416
82.3494,83.1806,86.1123,83.0105,107.4026,83.0105
233.3439,237.8937,107.5799,227.07,233.3439,312.93
97.6506,96.8194,93.8877,96.9895,107.4026,96.9895
53.3439,302.1063,72.4201,132.93,53.3439,47.07
6
4.4408e-08,4.9832e-08,8.9287e-08,4.8704e-08,4.6175e-08,4.8704e-08
-90.4965,-101.4974,-106.563,-101.2986,-100.8353,-101.2986
0,3.1416,3.1416,3.1416,3.1416,3.1416
82.2351,83.0845,86.1469,82.9236,107.6496,82.9236
232.6961,237.3808,107.418,226.3972,232.6961,313.6028
97.7649,96.9155,93.8531,97.0764,107.6496,97.0764
52.6961,302.6192,72.582,133.6028,52.6961,46.3972
6
4.3755e-08,4.9137e-08,9.008e-08,4.8109e-08,4.5546e-08,4.8109e-08
-90.3677,-101.3754,-106.6398,-101.1917,-100.7163,-101.1917
0,3.1416,3.1416,3.1416,3.1416,3.1416
82.1183,82.9863,86.1809,82.8356,107.9013,82.8356
232.0284,236.853,107.259,225.7073,232.0284,314.2927
97.8817,97.0137,93.8191,97.1644,107.9013,97.1644
52.0284,303.147,72.741,134.2927,52.0284,45.7073
6
4.3107e-08,4.8447e-08,9.0875e-08,4.7521e-08,4.4925e-08,4.7521e-08
-90.2382,-101.2526,-106.7161,-101.0849,-100.5969,-101.0849
0,3.1416,3.1416,3.1416,3.1416,3.1416
81.9991,82.8858,86.2143,82.7464,108.1577,82.7464
231.3402,236.3099,107.1027,225,231.3402,315
98.0009,97.1142,93.7857,97.2536,108.1577,97.2536
51.3402,303.6901,72.8973,135,51.3402,45
6
4.2466e-08,4.7761e-08,9.167e-08,4.694e-08,4.431e-08,4.694e-08
-90.108,-101.1287,-106.7918,-100.9781,-100.4772,-100.9781
0,3.1416,3.1416,3.1416,3.1416,3.1416
81.8775,82.7832,86.2472,82.6562,108.4186,82.6562
230.6307,235.751,106.9492,224.2748,230.6307,315.7252
98.1225,97.2168,93.7528,97.3438,108.4186,97.3438
50.6307,304.249,73.0508,135.7252,50.6307,44.2748
6
4.1832e-08,4.708e-08,9.2466e-08,4.6367e-08,4.3702e-08,4.6367e-08
-89.9773,-101.004,-106.8668,-100.8714,-100.3573,-100.8714
0,3.1416,3.1416,3.1416,3.1416,3.1416
81.7535,82.6782,86.2795,82.5649,108.6841,82.5649
229.8991,235.1755,106.7984,223.5312,229.8991,316.4688
98.2465,97.3218,93.7205,97.4351,108.6841,97.4351
49.8991,304.8245,73.2016,136.4688,49.8991,43.5312
6
4.1204e-08,4.6404e-08,9.3262e-08,4.5802e-08,4.3102e-08,4.5802e-08
-89.8461,-100.8784,-106.9413,-100.7649,-100.2372,-100.7649
0,3.1416,3.1416,3.1416,3.1416,3.1416
81.6271,82.571,86.3113,82.4727,108.954,82.4727
229.1446,234.5829,106.6501,222.7688,229.1446,317.2312
98.3729,97.429,93.6887,97.5273,108.954,97.5273
49.1446,305.4171,73.3499,137.2312,49.1446,42.7688
6
4.0585e-08,4.5734e-08,9.4059e-08,4.5245e-08,4.251e-08,4.5245e-08
-89.7145,-100.7519,-107.0152,-100.6586,-100.1171,-100.6586
0,3.1416,3.1416,3.1416,3.1416,3.1416
81.4983,82.4614,86.3426,82.3795,109.2283,82.3795
228.3665,233.9726,106.5044,221.9872,228.3665,318.0128
98.5017,97.5386,93.6574,97.6205,109.2283,97.6205
48.3665,306.0274,73.4956,138.0128,48.3665,41.9872
6
3.9973e-08,4.5068e-08,9.4857e-08,4.4697e-08,4.1926e-08,4.4697e-08
-89.5825,-100.6246,-107.0886,-100.5528,-99.9969,-100.5528
0,3.1416,3.1416,3.1416,3.1416,3.1416
81.3671,82.3494,86.3734,82.2855,109.5069,82.2855
227.5638,233.3439,106.3611,221.1859,227.5638,318.8141
98.6329,97.6506,93.6266,97.7145,109.5069,97.7145
47.5638,306.6561,73.6389,138.8141,47.5638,41.1859
6
3.9369e-08,4.4408e-08,9.5655e-08,4.4158e-08,4.1351e-08,4.4158e-08
-89.4502,-100.4965,-107.1614,-100.4473,-99.8769,-100.4473
0,3.1416,3.1416,3.1416,3.1416,3.1416
81.2336,82.2351,86.4037,82.1907,109.7896,82.1907
226.7357,232.6961,106.2202,220.3645,226.7357,319.6355
98.7664,97.7649,93.5963,97.8093,109.7896,97.8093
46.7357,307.3039,73.7798,139.6355,46.7357,40.3645
6
3.8773e-08,4.3755e-08,9.6454e-08,4.3628e-08,4.0784e-08,4.3628e-08
-89.3179,-100.3677,-107.2336,-100.3424,-99.7571,-100.3424
0,3.1416,3.1416,3.1416,3.1416,3.1416
81.0979,82.1183,86.4336,82.0952,110.0762,82.0952
225.8814,232.0284,106.0817,219.5226,225.8814,320.4774
98.9021,97.8817,93.5664,97.9048,110.0762,97.9048
45.8814,307.9716,73.9183,140.4774,45.8814,39.5226
6
3.8187e-08,4.3107e-08,9.7253e-08,4.3107e-08,4.0227e-08,4.3107e-08
-89.1855,-100.2382,-107.3053,-100.2382,-99.6376,-100.2382
0,3.1416,3.1416,3.1416,3.1416,3.1416
80.9601,81.9991,86.4629,81.9991,110.3665,81.9991
225,231.3402,105.9454,218.6598,225,321.3402
99.0399,98.0009,93.5371,98.0009,110.3665,98.0009
45,308.6598,74.0546,141.3402,45,38.6598
6
3.7609e-08,4.2466e-08,9.8053e-08,4.2597e-08,3.968e-08,4.2597e-08
-89.0532,-100.108,-107.3765,-100.1347,-99.5186,-100.1347
0,3.1416,3.1416,3.1416,3.1416,3.1416
80.8201,81.8775,86.4918,81.9026,110.6603,81.9026
224.0906,230.6307,105.8114,217.7757,224.0906,322.2243
99.1799,98.1225,93.5082,98.0974,110.6603,98.0974
44.0906,309.3693,74.1886,142.2243,44.0906,37.7757
6
3.7042e-08,4.1832e-08,9.8854e-08,4.2096e-08,3.9142e-08,4.2096e-08
-88.9211,-99.9773,-107.4471,-100.0321,-99.4001,-100.0321
0,3.1416,3.1416,3.1416,3.1416,3.1416
80.6783,81.7535,86.5203,81.8057,110.9572,81.8057
223.1524,229.8991,105.6795,216.8699,223.1524,323.1301
99.3217,98.2465,93.4797,98.1943,110.9572,98.1943
43.1524,310.1009,74.3205,143.1301,43.1524,36.8699
6
3.6485e-08,4.1204e-08,9.9655e-08,4.1607e-08,3.8615e-08,4.1607e-08
-88.7895,-99.8461,-107.5172,-99.9305,-99.2824,-99.9305
0,3.1416,3.1416,3.1416,3.1416,3.1416
80.5346,81.6271,86.5483,81.7087,111.2569,81.7087
222.1844,229.1446,105.5498,215.9421,222.1844,324.0579
99.4654,98.3729,93.4517,98.2913,111.2569,98.2913
42.1844,310.8554,74.4502,144.0579,42.1844,35.9421
6
3.5938e-08,4.0585e-08,1.0046e-07,4.1129e-08,3.8099e-08,4.1129e-08
-88.6584,-99.7145,-107.5868,-99.8301,-99.1656,-99.8301
0,3.1416,3.1416,3.1416,3.1416,3.1416
80.3893,81.4983,86.5758,81.6115,111.5591,81.6115
221.1859,228.3665,105.4222,214.992,221.1859,325.008
99.6107,98.5017,93.4242,98.3885,111.5591,98.3885
41.1859,311.6335,74.5778,145.008,41.1859,34.992
6
3.5403e-08,3.9973e-08,1.0126e-07,4.0662e-08,3.7595e-08,4.0662e-08
-88.528,-99.5825,-107.6559,-99.7309,-99.0498,-99.7309
0,3.1416,3.1416,3.1416,3.1416,3.1416
80.2425,81.3671,86.603,81.5145,111.8633,81.5145
220.156,227.5638,105.2965,214.0193,220.156,325.9807
99.7575,98.6329,93.397,98.4855,111.8633,98.4855
40.156,312.4362,74.7035,145.9807,40.156,34.0193
6
3.4879e-08,3.9369e-08,1.0206e-07,4.0206e-08,3.7102e-08,4.0206e-08
-88.3985,-99.4502,-107.7245,-99.6331,-98.9352,-99.6331
0,3.1416,3.1416,3.1416,3.1416,3.1416
80.0946,81.2336,86.6297,81.4177,112.1689,81.4177
219.0939,226.7357,105.1729,213.0239,219.0939,326.9761
99.9054,98.7664,93.3703,98.5823,112.1689,98.5823
39.0939,313.2643,74.8271,146.9761,39.0939,33.0239
6
3.4368e-08,3.8773e-08,1.0286e-07,3.9764e-08,3.6622e-08,3.9764e-08
-88.2702,-99.3179,-107.7925,-99.5369,-98.822,-99.5369
0,3.1416,3.1416,3.1416,3.1416,3.1416
79.9456,81.0979,86.6561,81.3214,112.4755,81.3214
217.9987,225.8814,105.0512,212.0054,217.9987,327.9946
100.0544,98.9021,93.3439,98.6786,112.4755,98.6786
37.9987,314.1186,74.9488,147.9946,37.9987,32.0054
6
3.3869e-08,3.8187e-08,1.0367e-07,3.9333e-08,3.6154e-08,3.9333e-08
-88.1433,-99.1855,-107.8601,-99.4424,-98.7103,-99.4424
0,3.1416,3.1416,3.1416,3.1416,3.1416
79.796,80.9601,86.682,81.2257,112.7824,81.2257
216.8699,225,104.9314,210.9638,216.8699,329.0362
100.204,99.0399,93.318,98.7743,112.7824,98.7743
36.8699,315,75.0686,149.0362,36.8699,30.9638
6
3.3384e-08,3.7609e-08,1.0447e-07,3.8916e-08,3.57e-08,3.8916e-08
-88.0179,-99.0532,-107.9272,-99.3498,-98.6005,-99.3498
0,3.1416,3.1416,3.1416,3.1416,3.1416
79.6461,80.8201,86.7076,81.1309,113.0889,81.1309
215.7067,224.0906,104.8135,209.8989,215.7067,330.1011
100.3539,99.1799,93.2924,98.8691,113.0889,98.8691
35.7067,315.9094,75.1865,150.1011,35.7067,29.8989
6
3.2912e-08,3.7042e-08,1.0528e-07,3.8513e-08,3.5259e-08,3.8513e-08
-87.8944,-98.9211,-107.9939,-99.2593,-98.4927,-99.2593
0,3.1416,3.1416,3.1416,3.1416,3.1416
79.4961,80.6783,86.7328,81.0372,113.3944,81.0372
214.5085,223.1524,104.6973,208.8108,214.5085,331.1892
100.5039,99.3217,93.2672,98.9628,113.3944,98.9628
34.5085,316.8476,75.3027,151.1892,34.5085,28.8108
6
3.2456e-08,3.6485e-08,1.0608e-07,3.8123e-08,3.4833e-08,3.8123e-08
-87.773,-98.7895,-108.06,-99.171,-98.3871,-99.171
0,3.1416,3.1416,3.1416,3.1416,3.1416
79.3465,80.5346,86.7576,80.9448,113.6979,80.9448
213.2749,222.1844,104.5829,207.6995,213.2749,332.3005
100.6535,99.4654,93.2424,99.0552,113.6979,99.0552
33.2749,317.8156,75.4171,152.3005,33.2749,27.6995
6
3.2014e-08,3.5938e-08,1.0689e-07,3.7748e-08,3.4422e-08,3.7748e-08
-87.654,-98.6584,-108.1257,-99.085,-98.284,-99.085
0,3.1416,3.1416,3.1416,3.1416,3.1416
79.1978,80.3893,86.7821,80.854,113.9986,80.854
212.0054,221.1859,104.4703,206.5651,212.0054,333.4349
100.8022,99.6107,93.2179,99.146,113.9986,99.146
32.0054,318.8141,75.5297,153.4349,32.0054,26.5651
6
3.1588e-08,3.5403e-08,1.0769e-07,3.7387e-08,3.4027e-08,3.7387e-08
-87.5377,-98.528,-108.191,-99.0017,-98.1836,-99.0017
0,3.1416,3.1416,3.1416,3.1416,3.1416
79.0504,80.2425,86.8062,80.7651,114.2955,80.7651
210.6997,220.156,104.3593,205.4077,210.6997,334.5923
100.9496,99.7575,93.1938,99.2349,114.2955,99.2349
30.6997,319.844,75.6407,154.5923,30.6997,25.4077
6
3.1179e-08,3.4879e-08,1.085e-07,3.7042e-08,3.3647e-08,3.7042e-08
-87.4244,-98.3985,-108.2558,-98.9211,-98.0861,-98.9211
0,3.1416,3.1416,3.1416,3.1416,3.1416
78.9048,80.0946,86.8299,80.6783,114.5878,80.6783
209.3578,219.0939,104.25,204.2277,209.3578,335.7723
101.0952,99.9054,93.1701,99.3217,114.5878,99.3217
29.3578,320.9061,75.75,155.7723,29.3578,24.2277
6
3.0786e-08,3.4368e-08,1.0931e-07,3.6712e-08,3.3284e-08,3.6712e-08
-87.3144,-98.2702,-108.3201,-98.8435,-97.9919,-98.8435
0,3.1416,3.1416,3.1416,3.1416,3.1416
78.7616,79.9456,86.8534,80.5938,114.8741,80.5938
207.9795,217.9987,104.1423,203.0255,207.9795,336.9745
101.2384,100.0544,93.1466,99.4062,114.8741,99.4062
27.9795,322.0013,75.8577,156.9745,27.9795,23.0255
6
3.0412e-08,3.3869e-08,1.1011e-07,3.6399e-08,3.2938e-08,3.6399e-08
-87.2081,-98.1433,-108.384,-98.769,-97.9011,-98.769
0,3.1416,3.1416,3.1416,3.1416,3.1416
78.6214,79.796,86.8764,80.5121,115.1535,80.5121
206.5651,216.8699,104.0362,201.8014,206.5651,338.1986
101.3786,100.204,93.1236,99.4879,115.1535,99.4879
26.5651,323.1301,75.9638,158.1986,26.5651,21.8014
6
3.0056e-08,3.3384e-08,1.1092e-07,3.6102e-08,3.2609e-08,3.6102e-08
-87.1058,-98.0179,-108.4475,-98.6979,-97.814,-98.6979
0,3.1416,3.1416,3.1416,3.1416,3.1416
78.4848,79.6461,86.8992,80.4333,115.4248,80.4333
205.1148,215.7067,103.9317,200.556,205.1148,339.444
101.5152,100.3539,93.1008,99.5667,115.4248,99.5667
25.1148,324.2933,76.0683,159.444,25.1148,20.556
6
2.9719e-08,3.2912e-08,1.1173e-07,3.5822e-08,3.2299e-08,3.5822e-08
-87.0079,-97.8944,-108.5105,-98.6302,-97.731,-98.6302
0,3.1416,3.1416,3.1416,3.1416,3.1416
78.3525,79.4961,86.9216,80.3578,115.6867,80.3578
203.6294,214.5085,103.8287,199.29,203.6294,340.71
101.6475,100.5039,93.0784,99.6422,115.6867,99.6422
23.6294,325.4915,76.1713,160.71,23.6294,19.29
6
2.9402e-08,3.2456e-08,1.1254e-07,3.5559e-08,3.2007e-08,3.5559e-08
-86.9147,-97.773,-108.5731,-98.5663,-97.6522,-98.5663
0,3.1416,3.1416,3.1416,3.1416,3.1416
78.225,79.3465,86.9438,80.2859,115.9381,80.2859
202.1094,213.2749,103.7271,198.0042,202.1094,341.9958
101.775,100.6535,93.0562,99.7141,115.9381,99.7141
22.1094,326.7251,76.2729,161.9958,22.1094,18.0042
6
2.9105e-08,3.2014e-08,1.1335e-07,3.5314e-08,3.1735e-08,3.5314e-08
-86.8266,-97.654,-108.6353,-98.5063,-97.578,-98.5063
0,3.1416,3.1416,3.1416,3.1416,3.1416
78.1032,79.1978,86.9656,80.2179,116.1775,80.2179
200.556,212.0054,103.627,196.6992,200.556,343.3008
101.8968,100.8022,93.0344,99.7821,116.1775,99.7821
20.556,327.9946,76.373,163.3008,20.556,16.6992
6
2.8829e-08,3.1588e-08,1.1415e-07,3.5088e-08,3.1482e-08,3.5088e-08
-86.744,-97.5377,-108.697,-98.4503,-97.5086,-98.4503
0,3.1416,3.1416,3.1416,3.1416,3.1416
77.9878,79.0504,86.9871,80.154,116.4037,80.154
198.9704,210.6997,103.5283,195.3763,198.9704,344.6237
102.0122,100.9496,93.0129,99.846,116.4037,99.846
18.9704,329.3003,76.4717,164.6237,18.9704,15.3763
6
2.8575e-08,3.1179e-08,1.1496e-07,3.4879e-08,3.125e-08,3.4879e-08
-86.6671,-97.4244,-108.7584,-98.3985,-97.4442,-98.3985
0,3.1416,3.1416,3.1416,3.1416,3.1416
77.8794,78.9048,87.0083,80.0946,116.6155,80.0946
197.354,209.3578,103.431,194.0362,197.354,345.9638
102.1206,101.0952,92.9917,99.9054,116.6155,99.9054
17.354,330.6422,76.569,165.9638,17.354,14.0362
6
2.8344e-08,3.0786e-08,1.1577e-07,3.4689e-08,3.1038e-08,3.4689e-08
-86.5963,-97.3144,-108.8194,-98.3512,-97.3851,-98.3512
0,3.1416,3.1416,3.1416,3.1416,3.1416
77.7787,78.7616,87.0293,80.0399,116.8117,80.0399
195.7086,207.9795,103.3351,192.6804,195.7086,347.3196
102.2213,101.2384,92.9707,99.9601,116.8117,99.9601
15.7086,332.0205,76.6649,167.3196,15.7086,12.6804
6
2.8135e-08,3.0412e-08,1.1658e-07,3.4519e-08,3.0847e-08,3.4519e-08
-86.532,-97.2081,-108.8799,-98.3084,-97.3316,-98.3084
0,3.1416,3.1416,3.1416,3.1416,3.1416
77.6865,78.6214,87.0499,79.9901,116.9909,79.9901
194.0362,206.5651,103.2405,191.3099,194.0362,348.6901
102.3135,101.3786,92.9501,100.0099,116.9909,100.0099
14.0362,333.4349,76.7595,168.6901,14.0362,11.3099
6
2.7949e-08,3.0056e-08,1.1739e-07,3.4368e-08,3.0678e-08,3.4368e-08
-86.4745,-97.1058,-108.9401,-98.2702,-97.2838,-98.2702
0,3.1416,3.1416,3.1416,3.1416,3.1416
77.6034,78.4848,87.0703,79.9456,117.152,79.9456
192.3391,205.1148,103.1472,189.9262,192.3391,350.0738
102.3966,101.5152,92.9297,100.0544,117.152,100.0544
12.3391,334.8852,76.8528,170.0738,12.3391,9.9262
6
2.7787e-08,2.9719e-08,1.182e-07,3.4236e-08,3.053e-08,3.4236e-08
-86.424,-97.0079,-108.9998,-98.2369,-97.2419,-98.2369
0,3.1416,3.1416,3.1416,3.1416,3.1416
77.53,78.3525,87.0904,79.9066,117.2941,79.9066
190.6197,203.6294,103.0552,188.5308,190.6197,351.4692
102.47,101.6475,92.9096,100.0934,117.2941,100.0934
10.6197,336.3706,76.9448,171.4692,10.6197,8.5308
6
2.7649e-08,2.9402e-08,1.1901e-07,3.4124e-08,3.0405e-08,3.4124e-08
-86.3808,-96.9147,-109.0592,-98.2085,-97.2062,-98.2085
0,3.1416,3.1416,3.1416,3.1416,3.1416
77.4668,78.225,87.1103,79.8732,117.4161,79.8732
188.8807,202.1094,102.9645,187.125,188.8807,352.875
102.5332,101.775,92.8897,100.1268,117.4161,100.1268
8.8807,337.8906,77.0355,172.875,8.8807,7.125
6
2.7536e-08,2.9105e-08,1.1983e-07,3.4033e-08,3.0302e-08,3.4033e-08
-86.3452,-96.8266,-109.1182,-98.1851,-97.1767,-98.1851
0,3.1416,3.1416,3.1416,3.1416,3.1416
77.4144,78.1032,87.1298,79.8456,117.5171,79.8456
187.125,200.556,102.875,185.7106,187.125,354.2894
102.5856,101.8968,92.8702,100.1544,117.5171,100.1544
7.125,339.444,77.125,174.2894,7.125,5.7106
6
2.7447e-08,2.8829e-08,1.2064e-07,3.3961e-08,3.0222e-08,3.3961e-08
-86.3173,-96.744,-109.1769,-98.1669,-97.1536,-98.1669
0,3.1416,3.1416,3.1416,3.1416,3.1416
77.3732,77.9878,87.1492,79.824,117.5964,79.824
185.3558,198.9704,102.7867,184.2892,185.3558,355.7108
102.6268,102.0122,92.8508,100.176,117.5964,100.176
5.3558,341.0296,77.2133,175.7108,5.3558,4.2892
6
2.7384e-08,2.8575e-08,1.2145e-07,3.391e-08,3.0164e-08,3.391e-08
-86.2972,-96.6671,-109.2351,-98.1538,-97.1371,-98.1538
0,3.1416,3.1416,3.1416,3.1416,3.1416
77.3435,77.8794,87.1682,79.8085,117.6535,79.8085
183.5763,197.354,102.6996,182.8624,183.5763,357.1376
102.6565,102.1206,92.8318,100.1915,117.6535,100.1915
3.5763,342.646,77.3004,177.1376,3.5763,2.8624
6
2.7346e-08,2.8344e-08,1.2226e-07,3.3879e-08,3.013e-08,3.3879e-08
-86.2851,-96.5963,-109.293,-98.1459,-97.1272,-98.1459
0,3.1416,3.1416,3.1416,3.1416,3.1416
77.3256,77.7787,87.1871,79.7991,117.688,79.7991
181.7899,195.7086,102.6136,181.4321,181.7899,358.5679
102.6744,102.2213,92.8129,100.2009,117.688,100.2009
1.7899,344.2914,77.3864,178.5679,1.7899,1.4321
6
2.7333e-08,2.8135e-08,1.2307e-07,3.3869e-08,3.0118e-08,3.3869e-08
-86.2811,-96.532,-109.3505,-98.1433,-97.1238,-98.1433
0,3.1416,3.1416,3.1416,3.1416,3.1416
77.3196,77.6865,87.2056,79.796,117.6995,79.796
180,194.0362,102.5288,180,180,0
102.6804,102.3135,92.7944,100.204,117.6995,100.204
0,345.9638,77.4712,180,0,0
6
2.7346e-08,2.7949e-08,1.2389e-07,3.3879e-08,3.013e-08,3.3879e-08
-86.2851,-96.4745,-109.4077,-98.1459,-97.1272,-98.1459
0,3.1416,3.1416,3.1416,3.1416,3.1416
77.3256,77.6034,87.224,79.7991,117.688,79.7991
178.2101,192.3391,102.4451,178.5679,178.2101,1.4321
102.6744,102.3966,92.776,100.2009,117.688,100.2009
358.2101,347.6609,77.5549,181.4321,358.2101,358.5679
6
2.7384e-08,2.7787e-08,1.247e-07,3.391e-08,3.0164e-08,3.391e-08
-86.2972,-96.424,-109.4645,-98.1538,-97.1371,-98.1538
0,3.1416,3.1416,3.1416,3.1416,3.1416
77.3435,77.53,87.2421,79.8085,117.6535,79.8085
176.4237,190.6197,102.3625,177.1376,176.4237,2.8624
102.6565,102.47,92.7579,100.1915,117.6535,100.1915
356.4237,349.3803,77.6375,182.8624,356.4237,357.1376
6
2.7346e-08,2.7949e-08,1.2389e-07,3.3879e-08,3.013e-08,3.3879e-08
-86.2851,-96.4745,-109.4077,-98.1459,-97.1272,-98.1459
0,3.1416,3.1416,3.1416,3.1416,3.1416
77.3256,77.6034,87.224,79.7991,117.688,79.7991
178.2101,192.3391,102.4451,178.5679,178.2101,1.4321
102.6744,102.3966,92.776,100.2009,117.688,100.2009
358.2101,347.6609,77.5549,181.4321,358.2101,358.5679
6
2.7333e-08,2.8135e-08,1.2307e-07,3.3869e-08,3.0118e-08,3.3869e-08
-86.2811,-96.532,-109.3505,-98.1433,-97.1238,-98.1433
0,3.1416,3.1416,3.1416,3.1416,3.1416
77.3196,77.6865,87.2056,79.796,117.6995,79.796
180,194.0362,102.5288,180,180,0
102.6804,102.3135,92.7944,100.204,117.6995,100.204
0,345.9638,77.4712,180,0,0
6
2.7346e-08,2.8344e-08,1.2226e-07,3.3879e-08,3.013e-08,3.3879e-08
-86.2851,-96.5963,-109.293,-98.1459,-97.1272,-98.1459
0,3.1416,3.1416,3.1416,3.1416,3.1416
77.3256,77.7787,87.1871,79.7991,117.688,79.7991
181.7899,195.7086,102.6136,181.4321,181.7899,358.5679
102.6744,102.2213,92.8129,100.2009,117.688,100.2009
1.7899,344.2914,77.3864,178.5679,1.7899,1.4321
6
2.7384e-08,2.8575e-08,1.2145e-07,3.391e-08,3.0164e-08,3.391e-08
-86.2972,-96.6671,-109.2351,-98.1538,-97.1371,-98.1538
0,3.1416,3.1416,3.1416,3.1416,3.1416
77.3435,77.8794,87.1682,79.8085,117.6535,79.8085
183.5763,197.354,102.6996,182.8624,183.5763,357.1376
102.6565,102.1206,92.8318,100.1915,117.6535,100.1915
3.5763,342.646,77.3004,177.1376,3.5763,2.8624
6
2.7447e-08,2.8829e-08,1.2064e-07,3.3961e-08,3.0222e-08,3.3961e-08
-86.3173,-96.744,-109.1769,-98.1669,-97.1536,-98.1669
0,3.1416,3.1416,3.1416,3.1416,3.1416
77.3732,77.9878,87.1492,79.824,117.5964,79.824
185.3558,198.9704,102.7867,184.2892,185.3558,355.7108
102.6268,102.0122,92.8508,100.176,117.5964,100.176
5.3558,341.0296,77.2133,175.7108,5.3558,4.2892
6
2.7536e-08,2.9105e-08,1.1983e-07,3.4033e-08,3.0302e-08,3.4033e-08
-86.3452,-96.8266,-109.1182,-98.1851,-97.1767,-98.1851
0,3.1416,3.1416,3.1416,3.1416,3.1416
77.4144,78.1032,87.1298,79.8456,117.5171,79.8456
187.125,200.556,102.875,185.7106,187.125,354.2894
102.5856,101.8968,92.8702,100.1544,117.5171,100.1544
7.125,339.444,77.125,174.2894,7.125,5.7106
6
2.7649e-08,2.9402e-08,1.1901e-07,3.4124e-08,3.0405e-08,3.4124e-08
-86.3808,-96.9147,-109.0592,-98.2085,-97.2062,-98.2085
0,3.1416,3.1416,3.1416,3.1416,3.1416
77.4668,78.225,87.1103,79.8732,117.4161,79.8732
188.8807,202.1094,102.9645,187.125,188.8807,352.875
102.5332,101.775,92.8897,100.1268,117.4161,100.1268
8.8807,337.8906,77.0355,172.875,8.8807,7.125
6
2.7787e-08,2.9719e-08,1.182e-07,3.4236e-08,3.053e-08,3.4236e-08
-86.424,-97.0079,-108.9998,-98.2369,-97.2419,-98.2369
0,3.1416,3.1416,3.1416,3.1416,3.1416
77.53,78.3525,87.0904,79.9066,117.2941,79.9066
190.6197,203.6294,103.0552,188.5308,190.6197,351.4692
102.47,101.6475,92.9096,100.0934,117.2941,100.0934
10.6197,336.3706,76.9448,171.4692,10.6197,8.5308
6
2.7949e-08,3.0056e-08,1.1739e-07,3.4368e-08,3.0678e-08,3.4368e-08
-86.4745,-97.1058,-108.9401,-98.2702,-97.2838,-98.2702
0,3.1416,3.1416,3.1416,3.1416,3.1416
77.6034,78.4848,87.0703,79.9456,117.152,79.9456
192.3391,205.1148,103.1472,189.9262,192.3391,350.0738
102.3966,101.5152,92.9297,100.0544,117.152,100.0544
12.3391,334.8852,76.8528,170.0738,12.3391,9.9262
6
2.8135e-08,3.0412e-08,1.1658e-07,3.4519e-08,3.0847e-08,3.4519e-08
-86.532,-97.2081,-108.8799,-98.3084,-97.3316,-98.3084
0,3.1416,3.1416,3.1416,3.1416,3.1416
77.6865,78.6214,87.0499,79.9901,116.9909,79.9901
194.0362,206.5651,103.2405,191.3099,194.0362,348.6901
102.3135,101.3786,92.9501,100.0099,116.9909,100.0099
14.0362,333.4349,76.7595,168.6901,14.0362,11.3099
6
2.8344e-08,3.0786e-08,1.1577e-07,3.4689e-08,3.1038e-08,3.4689e-08
-86.5963,-97.3144,-108.8194,-98.3512,-97.3851,-98.3512
0,3.1416,3.1416,3.1416,3.1416,3.1416
77.7787,78.7616,87.0293,80.0399,116.8117,80.0399
195.7086,207.9795,103.3351,192.6804,195.7086,347.3196
102.2213,101.2384,92.9707,99.9601,116.8117,99.9601
15.7086,332.0205,76.6649,167.3196,15.7086,12.6804
6
2.8575e-08,3.1179e-08,1.1496e-07,3.4879e-08,3.125e-08,3.4879e-08
-86.6671,-97.4244,-108.7584,-98.3985,-97.4442,-98.3985
0,3.1416,3.1416,3.1416,3.1416,3.1416
77.8794,78.9048,87.0083,80.0946,116.6155,80.0946
197.354,209.3578,103.431,194.0362,197.354,345.9638
102.1206,101.0952,92.9917,99.9054,116.6155,99.9054
17.354,330.6422,76.569,165.9638,17.354,14.0362
6
2.8829e-08,3.1588e-08,1.1415e-07,3.5088e-08,3.1482e-08,3.5088e-08
-86.744,-97.5377,-108.697,-98.4503,-97.5086,-98.4503
0,3.1416,3.1416,3.1416,3.1416,3.1416
77.9878,79.0504,86.9871,80.154,116.4037,80.154
198.9704,210.6997,103.5283,195.3763,198.9704,344.6237
102.0122,100.9496,93.0129,99.846,116.4037,99.846
18.9704,329.3003,76.4717,164.6237,18.9704,15.3763
6
2.9105e-08,3.2014e-08,1.1335e-07,3.5314e-08,3.1735e-08,3.5314e-08
-86.8266,-97.654,-108.6353,-98.5063,-97.578,-98.5063
0,3.1416,3.1416,3.1416,3.1416,3.1416
78.1032,79.1978,86.9656,80.2179,116.1775,80.2179
200.556,212.0054,103.627,196.6992,200.556,343.3008
101.8968,100.8022,93.0344,99.7821,116.1775,99.7821
20.556,327.9946,76.373,163.3008,20.556,16.6992
6
2.9402e-08,3.2456e-08,1.1254e-07,3.5559e-08,3.2007e-08,3.5559e-08
-86.9147,-97.773,-108.5731,-98.5663,-97.6522,-98.5663
0,3.1416,3.1416,3.1416,3.1416,3.1416
78.225,79.3465,86.9438,80.2859,115.9381,80.2859
202.1094,213.2749,103.7271,198.0042,202.1094,341.9958
101.775,100.6535,93.0562,99.7141,115.9381,99.7141
22.1094,326.7251,76.2729,161.9958,22.1094,18.0042
6
2.9719e-08,3.2912e-08,1.1173e-07,3.5822e-08,3.2299e-08,3.5822e-08
-87.0079,-97.8944,-108.5105,-98.6302,-97.731,-98.6302
0,3.1416,3.1416,3.1416,3.1416,3.1416
78.3525,79.4961,86.9216,80.3578,115.6867,80.3578
203.6294,214.5085,103.8287,199.29,203.6294,340.71
101.6475,100.5039,93.0784,99.6422,115.6867,99.6422
23.6294,325.4915,76.1713,160.71,23.6294,19.29
6
3.0056e-08,3.3384e-08,1.1092e-07,3.6102e-08,3.2609e-08,3.6102e-08
-87.1058,-98.0179,-108.4475,-98.6979,-97.814,-98.6979
0,3.1416,3.1416,3.1416,3.1416,3.1416
78.4848,79.6461,86.8992,80.4333,115.4248,80.4333
205.1148,215.7067,103.9317,200.556,205.1148,339.444
101.5152,100.3539,93.1008,99.5667,115.4248,99.5667
25.1148,324.2933,76.0683,159.444,25.1148,20.556
6
3.0412e-08,3.3869e-08,1.1011e-07,3.6399e-08,3.2938e-08,3.6399e-08
-87.2081,-98.1433,-108.384,-98.769,-97.9011,-98.769
0,3.1416,3.1416,3.1416,3.1416,3.1416
78.6214,79.796,86.8764,80.5121,115.1535,80.5121
206.5651,216.8699,104.0362,201.8014,206.5651,338.1986
101.3786,100.204,93.1236,99.4879,115.1535,99.4879
26.5651,323.1301,75.9638,158.1986,26.5651,21.8014
6
3.0786e-08,3.4368e-08,1.0931e-07,3.6712e-08,3.3284e-08,3.6712e-08
-87.3144,-98.2702,-108.3201,-98.8435,-97.9919,-98.8435
0,3.1416,3.1416,3.1416,3.1416,3.1416
78.7616,79.9456,86.8534,80.5938,114.8741,80.5938
207.9795,217.9987,104.1423,203.0255,207.9795,336.9745
101.2384,100.0544,93.1466,99.4062,114.8741,99.4062
27.9795,322.0013,75.8577,156.9745,27.9795,23.0255
6
3.1179e-08,3.4879e-08,1.085e-07,3.7042e-08,3.3647e-08,3.7042e-08
-87.4244,-98.3985,-108.2558,-98.9211,-98.0861,-98.9211
0,3.1416,3.1416,3.1416,3.1416,3.1416
78.9048,80.0946,86.8299,80.6783,114.5878,80.6783
209.3578,219.0939,104.25,204.2277,209.3578,335.7723
101.0952,99.9054,93.1701,99.3217,114.5878,99.3217
29.3578,320.9061,75.75,155.7723,29.3578,24.2277
6
3.1588e-08,3.5403e-08,1.0769e-07,3.7387e-08,3.4027e-08,3.7387e-08
-87.5377,-98.528,-108.191,-99.0017,-98.1836,-99.0017
0,3.1416,3.1416,3.1416,3.1416,3.1416
79.0504,80.2425,86.8062,80.7651,114.2955,80.7651
210.6997,220.156,104.3593,205.4077,210.6997,334.5923
100.9496,99.7575,93.1938,99.2349,114.2955,99.2349
30.6997,319.844,75.6407,154.5923,30.6997,25.4077
6
3.2014e-08,3.5938e-08,1.0689e-07,3.7748e-08,3.4422e-08,3.7748e-08
-87.654,-98.6584,-108.1257,-99.085,-98.284,-99.085
0,3.1416,3.1416,3.1416,3.1416,3.1416
79.1978,80.3893,86.7821,80.854,113.9986,80.854
212.0054,221.1859,104.4703,206.5651,212.0054,333.4349
100.8022,99.6107,93.2179,99.146,113.9986,99.146
32.0054,318.8141,75.5297,153.4349,32.0054,26.5651
6
3.2456e-08,3.6485e-08,1.0608e-07,3.8123e-08,3.4833e-08,3.8123e-08
-87.773,-98.7895,-108.06,-99.171,-98.3871,-99.171
0,3.1416,3.1416,3.1416,3.1416,3.1416
79.3465,80.5346,86.7576,80.9448,113.6979,80.9448
213.2749,222.1844,104.5829,207.6995,213.2749,332.3005
100.6535,99.4654,93.2424,99.0552,113.6979,99.0552
33.2749,317.8156,75.4171,152.3005,33.2749,27.6995
6
3.2912e-08,3.7042e-08,1.0528e-07,3.8513e-08,3.5259e-08,3.8513e-08
-87.8944,-98.9211,-107.9939,-99.2593,-98.4927,-99.2593
0,3.1416,3.1416,3.1416,3.1416,3.1416
79.4961,80.6783,86.7328,81.0372,113.3944,81.0372
214.5085,223.1524,104.6973,208.8108,214.5085,331.1892
100.5039,99.3217,93.2672,98.9628,113.3944,98.9628
34.5085,316.8476,75.3027,151.1892,34.5085,28.8108
6
3.3384e-08,3.7609e-08,1.0447e-07,3.8916e-08,3.57e-08,3.8916e-08
-88.0179,-99.0532,-107.9272,-99.3498,-98.6005,-99.3498
0,3.1416,3.1416,3.1416,3.1416,3.1416
79.6461,80.8201,86.7076,81.1309,113.0889,81.1309
215.7067,224.0906,104.8135,209.8989,215.7067,330.1011
100.3539,99.1799,93.2924,98.8691,113.0889,98.8691
35.7067,315.9094,75.1865,150.1011,35.7067,29.8989
6
3.3869e-08,3.8187e-08,1.0367e-07,3.9333e-08,3.6154e-08,3.9333e-08
-88.1433,-99.1855,-107.8601,-99.4424,-98.7103,-99.4424
0,3.1416,3.1416,3.1416,3.1416,3.1416
79.796,80.9601,86.682,81.2257,112.7824,81.2257
216.8699,225,104.9314,210.9638,216.8699,329.0362
100.204,99.0399,93.318,98.7743,112.7824,98.7743
36.8699,315,75.0686,149.0362,36.8699,30.9638
6
3.4368e-08,3.8773e-08,1.0286e-07,3.9764e-08,3.6622e-08,3.9764e-08
-88.2702,-99.3179,-107.7925,-99.5369,-98.822,-99.5369
0,3.1416,3.1416,3.1416,3.1416,3.1416
79.9456,81.0979,86.6561,81.3214,112.4755,81.3214
217.9987,225.8814,105.0512,212.0054,217.9987,327.9946
100.0544,98.9021,93.3439,98.6786,112.4755,98.6786
37.9987,314.1186,74.9488,147.9946,37.9987,32.0054
6
3.4879e-08,3.9369e-08,1.0206e-07,4.0206e-08,3.7102e-08,4.0206e-08
-88.3985,-99.4502,-107.7245,-99.6331,-98.9352,-99.6331
0,3.1416,3.1416,3.1416,3.1416,3.1416
80.0946,81.2336,86.6297,81.4177,112.1689,81.4177
219.0939,226.7357,105.1729,213.0239,219.0939,326.9761
99.9054,98.7664,93.3703,98.5823,112.1689,98.5823
39.0939,313.2643,74.8271,146.9761,39.0939,33.0239
6
3.5403e-08,3.9973e-08,1.0126e-07,4.0662e-08,3.7595e-08,4.0662e-08
-88.528,-99.5825,-107.6559,-99.7309,-99.0498,-99.7309
0,3.1416,3.1416,3.1416,3.1416,3.1416
80.2425,81.3671,86.603,81.5145,111.8633,81.5145
220.156,227.5638,105.2965,214.0193,220.156,325.9807
99.7575,98.6329,93.397,98.4855,111.8633,98.4855
40.156,312.4362,74.7035,145.9807,40.156,34.0193
6
3.5938e-08,4.0585e-08,1.0046e-07,4.1129e-08,3.8099e-08,4.1129e-08
-88.6584,-99.7145,-107.5868,-99.8301,-99.1656,-99.8301
0,3.1416,3.1416,3.1416,3.1416,3.1416
80.3893,81.4983,86.5758,81.6115,111.5591,81.6115
221.1859,228.3665,105.4222,214.992,221.1859,325.008
99.6107,98.5017,93.4242,98.3885,111.5591,98.3885
41.1859,311.6335,74.5778,145.008,41.1859,34.992
