7
5.6667e-08,6.3333e-08,6.3333e-08,8.2529e-08,5.7229e-08,5.7057e-08,5.7923e-08
-92.6138,-103.5799,-103.5799,-105.8794,-102.6995,-102.6735,-102.8043
0,3.1416,3.1416,3.1416,3.1416,3.1416,3.1416
90,90,90,90,98.0357,90,78.0434
270,270,90,223.3634,270,276.7098,270
90,90,90,90,98.0357,90,78.0434
90,270,90,136.6366,90,83.2902,90
7
5.5833e-08,6.25e-08,6.4167e-08,8.196e-08,5.6404e-08,5.623e-08,5.7108e-08
-92.4851,-103.4648,-103.6934,-105.8192,-102.5734,-102.5466,-102.6812
0,3.1416,3.1416,3.1416,3.1416,3.1416,3.1416
90,90,90,90,98.154,90,77.8702
270,270,90,222.9399,270,276.8091,270
90,90,90,90,98.154,90,77.8702
90,270,90,137.0601,90,83.1909,90
7
5.5e-08,6.1667e-08,6.5e-08,8.1394e-08,5.5579e-08,5.5403e-08,5.6294e-08
-92.3545,-103.3482,-103.8055,-105.7591,-102.4454,-102.4178,-102.5564
0,3.1416,3.1416,3.1416,3.1416,3.1416,3.1416
90,90,90,90,98.2759,90,77.692
270,270,90,222.5104,270,276.9112,270
90,90,90,90,98.2759,90,77.692
90,270,90,137.4896,90,83.0888,90
7
5.4167e-08,6.0833e-08,6.5833e-08,8.0833e-08,5.4754e-08,5.4575e-08,5.548e-08
-92.2219,-103.2301,-103.9161,-105.699,-102.3156,-102.2872,-102.4299
0,3.1416,3.1416,3.1416,3.1416,3.1416,3.1416
90,90,90,90,98.4014,90,77.5085
270,270,90,222.075,270,277.0165,270
90,90,90,90,98.4014,90,77.5085
90,270,90,137.925,90,82.9835,90
7
5.3333e-08,6e-08,6.6667e-08,8.0277e-08,5.393e-08,5.3748e-08,5.4667e-08
-92.0872,-103.1102,-104.0254,-105.6391,-102.1838,-102.1545,-102.3017
0,3.1416,3.1416,3.1416,3.1416,3.1416,3.1416
90,90,90,90,98.5308,90,77.3196
270,270,90,221.6335,270,277.125,270
90,90,90,90,98.5308,90,77.3196
90,270,90,138.3665,90,82.875,90
7
5.25e-08,5.9167e-08,6.75e-08,7.9726e-08,5.3106e-08,5.2922e-08,5.3854e-08
-91.9504,-102.9888,-104.1333,-105.5792,-102.0501,-102.0199,-102.1716
0,3.1416,3.1416,3.1416,3.1416,3.1416,3.1416
90,90,90,90,98.6641,90,77.125
270,270,90,221.1859,270,277.2369,270
90,90,90,90,98.6641,90,77.125
90,270,90,138.8141,90,82.7631,90
7
5.1667e-08,5.8333e-08,6.8333e-08,7.918e-08,5.2282e-08,5.2095e-08,5.3042e-08
-91.8114,-102.8656,-104.2399,-105.5195,-101.9143,-101.8831,-102.0396
0,3.1416,3.1416,3.1416,3.1416,3.1416,3.1416
90,90,90,90,98.8017,90,76.9244
270,270,90,220.7321,270,277.3524,270
90,90,90,90,98.8017,90,76.9244
90,270,90,139.2679,90,82.6476,90
7
5.0833e-08,5.75e-08,6.9167e-08,7.8639e-08,5.1459e-08,5.1269e-08,5.2231e-08
-91.6702,-102.7406,-104.3452,-105.4599,-101.7764,-101.7443,-101.9057
0,3.1416,3.1416,3.1416,3.1416,3.1416,3.1416
90,90,90,90,98.9437,90,76.7176
270,270,90,220.272,270,277.4716,270
90,90,90,90,98.9437,90,76.7176
90,270,90,139.728,90,82.5284,90
7
5e-08,5.6667e-08,7e-08,7.8102e-08,5.0636e-08,5.0442e-08,5.142e-08
-91.5266,-102.6138,-104.4492,-105.4005,-101.6364,-101.6032,-101.7698
0,3.1416,3.1416,3.1416,3.1416,3.1416,3.1416
90,90,90,90,99.0903,90,76.5043
270,270,90,219.8056,270,277.5946,270
90,90,90,90,99.0903,90,76.5043
90,270,90,140.1944,90,82.4054,90
7
4.9167e-08,5.5833e-08,7.0833e-08,7.7572e-08,4.9813e-08,4.9617e-08,5.061e-08
-91.3806,-102.4851,-104.552,-105.3413,-101.4941,-101.4598,-101.6319
0,3.1416,3.1416,3.1416,3.1416,3.1416,3.1416
90,90,90,90,99.2417,90,76.2841
270,270,90,219.3327,270,277.7218,270
90,90,90,90,99.2417,90,76.2841
90,270,90,140.6673,90,82.2782,90
7
4.8333e-08,5.5e-08,7.1667e-08,7.7046e-08,4.8991e-08,4.8791e-08,4.9801e-08
-91.2322,-102.3545,-104.6536,-105.2822,-101.3495,-101.314,-101.4919
0,3.1416,3.1416,3.1416,3.1416,3.1416,3.1416
90,90,90,90,99.3982,90,76.0568
270,270,90,218.8534,270,277.8533,270
90,90,90,90,99.3982,90,76.0568
90,270,90,141.1466,90,82.1467,90
7
4.75e-08,5.4167e-08,7.25e-08,7.6526e-08,4.8169e-08,4.7966e-08,4.8992e-08
-91.0811,-102.2219,-104.754,-105.2234,-101.2026,-101.1658,-101.3498
0,3.1416,3.1416,3.1416,3.1416,3.1416,3.1416
90,90,90,90,99.5601,90,75.8219
270,270,90,218.3675,270,277.9893,270
90,90,90,90,99.5601,90,75.8219
90,270,90,141.6325,90,82.0107,90
7
4.6667e-08,5.3333e-08,7.3333e-08,7.6012e-08,4.7347e-08,4.714e-08,4.8185e-08
-90.9274,-102.0872,-104.8533,-105.1648,-101.0531,-101.0151,-101.2054
0,3.1416,3.1416,3.1416,3.1416,3.1416,3.1416
90,90,90,90,99.7276,90,75.5792
270,270,90,217.875,270,278.1301,270
90,90,90,90,99.7276,90,75.5792
90,270,90,142.125,90,81.8699,90
7
4.5833e-08,5.25e-08,7.4167e-08,7.5503e-08,4.6526e-08,4.6316e-08,4.7378e-08
-90.7709,-101.9504,-104.9514,-105.1065,-100.9012,-100.8618,-101.0588
0,3.1416,3.1416,3.1416,3.1416,3.1416,3.1416
90,90,90,90,99.901,90,75.3282
270,270,90,217.3758,270,278.2759,270
90,90,90,90,99.901,90,75.3282
90,270,90,142.6242,90,81.7241,90
7
4.5e-08,5.1667e-08,7.5e-08,7.5e-08,4.5706e-08,4.5491e-08,4.6573e-08
-90.6115,-101.8114,-105.0484,-105.0484,-100.7466,-100.7058,-100.9098
0,3.1416,3.1416,3.1416,3.1416,3.1416,3.1416
90,90,90,90,100.0806,90,75.0686
270,270,90,216.8699,270,278.427,270
90,90,90,90,100.0806,90,75.0686
90,270,90,143.1301,90,81.573,90
7
4.4167e-08,5.0833e-08,7.5833e-08,7.4503e-08,4.4885e-08,4.4667e-08,4.5768e-08
-90.4491,-101.6702,-105.1444,-104.9907,-100.5893,-100.547,-100.7584
0,3.1416,3.1416,3.1416,3.1416,3.1416,3.1416
90,90,90,90,100.2668,90,74.7998
270,270,90,216.3572,270,278.5836,270
90,90,90,90,100.2668,90,74.7998
90,270,90,143.6428,90,81.4164,90
7
4.3333e-08,5e-08,7.6667e-08,7.4012e-08,4.4066e-08,4.3843e-08,4.4964e-08
-90.2837,-101.5266,-105.2394,-104.9333,-100.4292,-100.3853,-100.6046
0,3.1416,3.1416,3.1416,3.1416,3.1416,3.1416
90,90,90,90,100.4599,90,74.5214
270,270,90,215.8377,270,278.7462,270
90,90,90,90,100.4599,90,74.5214
90,270,90,144.1623,90,81.2538,90
7
4.25e-08,4.9167e-08,7.75e-08,7.3527e-08,4.3246e-08,4.302e-08,4.4162e-08
-90.115,-101.3806,-105.3333,-104.8762,-100.2662,-100.2206,-100.4481
0,3.1416,3.1416,3.1416,3.1416,3.1416,3.1416
90,90,90,90,100.6603,90,74.2328
270,270,90,215.3112,270,278.9149,270
90,90,90,90,100.6603,90,74.2328
90,270,90,144.6888,90,81.0851,90
7
4.1667e-08,4.8333e-08,7.8333e-08,7.3049e-08,4.2428e-08,4.2197e-08,4.336e-08
-89.943,-101.2322,-105.4262,-104.8195,-100.1002,-100.0528,-100.2891
0,3.1416,3.1416,3.1416,3.1416,3.1416,3.1416
90,90,90,90,100.8685,90,73.9336
270,270,90,214.7778,270,279.0903,270
90,90,90,90,100.8685,90,73.9336
90,270,90,145.2222,90,80.9097,90
7
4.0833e-08,4.75e-08,7.9167e-08,7.2577e-08,4.161e-08,4.1374e-08,4.256e-08
-89.7675,-101.0811,-105.5181,-104.7632,-99.9311,-99.8818,-100.1273
0,3.1416,3.1416,3.1416,3.1416,3.1416,3.1416
90,90,90,90,101.0849,90,73.6231
270,270,90,214.2375,270,279.2726,270
90,90,90,90,101.0849,90,73.6231
90,270,90,145.7625,90,80.7274,90
7
4e-08,4.6667e-08,8e-08,7.2111e-08,4.0792e-08,4.0552e-08,4.1761e-08
-89.5884,-100.9274,-105.609,-104.7073,-99.7588,-99.7074,-99.9627
0,3.1416,3.1416,3.1416,3.1416,3.1416,3.1416
90,90,90,90,101.3099,90,73.3008
270,270,90,213.6901,270,279.4623,270
90,90,90,90,101.3099,90,73.3008
90,270,90,146.3099,90,80.5377,90
7
3.9167e-08,4.5833e-08,8.0833e-08,7.1652e-08,3.9975e-08,3.973e-08,4.0964e-08
-89.4056,-100.7709,-105.699,-104.6518,-99.5831,-99.5296,-99.7952
0,3.1416,3.1416,3.1416,3.1416,3.1416,3.1416
90,90,90,90,101.5442,90,72.9658
270,270,90,213.1356,270,279.6599,270
90,90,90,90,101.5442,90,72.9658
90,270,90,146.8644,90,80.3401,90
7
3.8333e-08,4.5e-08,8.1667e-08,7.12e-08,3.9159e-08,3.8909e-08,4.0168e-08
-89.2188,-100.6115,-105.7881,-104.5968,-99.4039,-99.3482,-99.6248
0,3.1416,3.1416,3.1416,3.1416,3.1416,3.1416
90,90,90,90,101.7882,90,72.6176
270,270,90,212.5741,270,279.8658,270
90,90,90,90,101.7882,90,72.6176
90,270,90,147.4259,90,80.1342,90
7
3.75e-08,4.4167e-08,8.25e-08,7.0755e-08,3.8344e-08,3.8088e-08,3.9373e-08
-89.0278,-100.4491,-105.8763,-104.5423,-99.2211,-99.163,-99.4512
0,3.1416,3.1416,3.1416,3.1416,3.1416,3.1416
90,90,90,90,102.0426,90,72.2553
270,270,90,212.0054,270,280.0806,270
90,90,90,90,102.0426,90,72.2553
90,270,90,147.9946,90,79.9194,90
7
3.6667e-08,4.3333e-08,8.3333e-08,7.0317e-08,3.7529e-08,3.7268e-08,3.858e-08
-88.8327,-100.2837,-105.9636,-104.4884,-99.0346,-98.9739,-99.2745
0,3.1416,3.1416,3.1416,3.1416,3.1416,3.1416
90,90,90,90,102.308,90,71.8781
270,270,90,211.4296,270,280.3048,270
90,90,90,90,102.308,90,71.8781
90,270,90,148.5704,90,79.6952,90
7
3.5833e-08,4.25e-08,8.4167e-08,6.9886e-08,3.6715e-08,3.6448e-08,3.7789e-08
-88.633,-100.115,-106.05,-104.435,-98.8442,-98.7807,-99.0946
0,3.1416,3.1416,3.1416,3.1416,3.1416,3.1416
90,90,90,90,102.5852,90,71.4851
270,270,90,210.8466,270,280.5392,270
90,90,90,90,102.5852,90,71.4851
90,270,90,149.1534,90,79.4608,90
7
3.5e-08,4.1667e-08,8.5e-08,6.9462e-08,3.5903e-08,3.5629e-08,3.7e-08
-88.4286,-99.943,-106.1356,-104.3822,-98.6498,-98.5834,-98.9113
0,3.1416,3.1416,3.1416,3.1416,3.1416,3.1416
90,90,90,90,102.875,90,71.0754
270,270,90,210.2564,270,280.7843,270
90,90,90,90,102.875,90,71.0754
90,270,90,149.7436,90,79.2157,90
7
3.4167e-08,4.0833e-08,8.5833e-08,6.9046e-08,3.5091e-08,3.4811e-08,3.6213e-08
-88.2193,-99.7675,-106.2203,-104.33,-98.4511,-98.3816,-98.7244
0,3.1416,3.1416,3.1416,3.1416,3.1416,3.1416
90,90,90,90,103.1782,90,70.6477
270,270,90,209.6591,270,281.0409,270
90,90,90,90,103.1782,90,70.6477
90,270,90,150.3409,90,78.9591,90
7
3.3333e-08,4e-08,8.6667e-08,6.8638e-08,3.428e-08,3.3993e-08,3.5428e-08
-88.0048,-99.5884,-106.3043,-104.2785,-98.248,-98.1751,-98.534
0,3.1416,3.1416,3.1416,3.1416,3.1416,3.1416
90,90,90,90,103.4957,90,70.2011
270,270,90,209.0546,270,281.3099,270
90,90,90,90,103.4957,90,70.2011
90,270,90,150.9454,90,78.6901,90
7
3.25e-08,3.9167e-08,8.75e-08,6.8237e-08,3.347e-08,3.3177e-08,3.4645e-08
-87.7849,-99.4056,-106.3874,-104.2276,-98.0404,-97.9639,-98.3399
0,3.1416,3.1416,3.1416,3.1416,3.1416,3.1416
90,90,90,90,103.8287,90,69.7343
270,270,90,208.4429,270,281.5922,270
90,90,90,90,103.8287,90,69.7343
90,270,90,151.5571,90,78.4078,90
7
3.1667e-08,3.8333e-08,8.8333e-08,6.7844e-08,3.2662e-08,3.2361e-08,3.3864e-08
-87.5593,-99.2188,-106.4697,-104.1774,-97.828,-97.7476,-98.142
0,3.1416,3.1416,3.1416,3.1416,3.1416,3.1416
90,90,90,90,104.1781,90,69.2459
270,270,90,207.8241,270,281.8887,270
90,90,90,90,104.1781,90,69.2459
90,270,90,152.1759,90,78.1113,90
7
3.0833e-08,3.75e-08,8.9167e-08,6.7459e-08,3.1854e-08,3.1546e-08,3.3086e-08
-87.3276,-99.0278,-106.5513,-104.128,-97.6106,-97.5261,-97.9402
0,3.1416,3.1416,3.1416,3.1416,3.1416,3.1416
90,90,90,90,104.5452,90,68.7346
270,270,90,207.1981,270,282.2005,270
90,90,90,90,104.5452,90,68.7346
90,270,90,152.8019,90,77.7995,90
7
3e-08,3.6667e-08,9e-08,6.7082e-08,3.1048e-08,3.0732e-08,3.2311e-08
-87.0896,-98.8327,-106.6321,-104.0793,-97.388,-97.299,-97.7342
0,3.1416,3.1416,3.1416,3.1416,3.1416,3.1416
90,90,90,90,104.9314,90,68.1986
270,270,90,206.5651,270,282.5288,270
90,90,90,90,104.9314,90,68.1986
90,270,90,153.4349,90,77.4712,90
7
2.9167e-08,3.5833e-08,9.0833e-08,6.6714e-08,3.0244e-08,2.9919e-08,3.1539e-08
-86.845,-98.633,-106.7121,-104.0315,-97.16,-97.0661,-97.5241
0,3.1416,3.1416,3.1416,3.1416,3.1416,3.1416
90,90,90,90,105.3382,90,67.6363
270,270,90,205.9249,270,282.875,270
90,90,90,90,105.3382,90,67.6363
90,270,90,154.0751,90,77.125,90
7
2.8333e-08,3.5e-08,9.1667e-08,6.6353e-08,2.9441e-08,2.9107e-08,3.077e-08
-86.5932,-98.4286,-106.7915,-103.9845,-96.9263,-96.8272,-97.3097
0,3.1416,3.1416,3.1416,3.1416,3.1416,3.1416
90,90,90,90,105.7672,90,67.0459
270,270,90,205.2777,270,283.2405,270
90,90,90,90,105.7672,90,67.0459
90,270,90,154.7223,90,76.7595,90
7
2.75e-08,3.4167e-08,9.25e-08,6.6002e-08,2.864e-08,2.8297e-08,3.0004e-08
-86.3339,-98.2193,-106.8701,-103.9384,-96.6867,-96.5819,-97.0909
0,3.1416,3.1416,3.1416,3.1416,3.1416,3.1416
90,90,90,90,106.2202,90,66.4253
270,270,90,204.6236,270,283.627,270
90,90,90,90,106.2202,90,66.4253
90,270,90,155.3764,90,76.373,90
7
2.6667e-08,3.3333e-08,9.3333e-08,6.5659e-08,2.7841e-08,2.7487e-08,2.9242e-08
-86.0666,-98.0048,-106.948,-103.8931,-96.4409,-96.3299,-96.8674
0,3.1416,3.1416,3.1416,3.1416,3.1416,3.1416
90,90,90,90,106.6992,90,65.7723
270,270,90,203.9625,270,284.0362,270
90,90,90,90,106.6992,90,65.7723
90,270,90,156.0375,90,75.9638,90
7
2.5833e-08,3.25e-08,9.4167e-08,6.5325e-08,2.7044e-08,2.668e-08,2.8484e-08
-85.7908,-97.7849,-107.0252,-103.8488,-96.1885,-96.0708,-96.6394
0,3.1416,3.1416,3.1416,3.1416,3.1416,3.1416
90,90,90,90,107.2066,90,65.0844
270,270,90,203.2946,270,284.4703,270
90,90,90,90,107.2066,90,65.0844
90,270,90,156.7054,90,75.5297,90
7
2.5e-08,3.1667e-08,9.5e-08,6.5e-08,2.6249e-08,2.5874e-08,2.7731e-08
-85.506,-97.5593,-107.1017,-103.8055,-95.9294,-95.8044,-96.4065
0,3.1416,3.1416,3.1416,3.1416,3.1416,3.1416
90,90,90,90,107.7447,90,64.359
270,270,90,202.6199,270,284.9314,270
90,90,90,90,107.7447,90,64.359
90,270,90,157.3801,90,75.0686,90
7
2.4167e-08,3.0833e-08,9.5833e-08,6.4684e-08,2.5456e-08,2.5069e-08,2.6982e-08
-85.2116,-97.3276,-107.1776,-103.7632,-95.6632,-95.5301,-96.1687
0,3.1416,3.1416,3.1416,3.1416,3.1416,3.1416
90,90,90,90,108.3163,90,63.5932
270,270,90,201.9385,270,285.4222,270
90,90,90,90,108.3163,90,63.5932
90,270,90,158.0615,90,74.5778,90
7
2.3333e-08,3e-08,9.6667e-08,6.4377e-08,2.4667e-08,2.4267e-08,2.6238e-08
-84.9068,-97.0896,-107.2528,-103.7219,-95.3894,-95.2476,-95.9259
0,3.1416,3.1416,3.1416,3.1416,3.1416,3.1416
90,90,90,90,108.9246,90,62.7839
270,270,90,201.2505,270,285.9454,270
90,90,90,90,108.9246,90,62.7839
90,270,90,158.7495,90,74.0546,90
7
2.25e-08,2.9167e-08,9.75e-08,6.408e-08,2.388e-08,2.3467e-08,2.55e-08
-84.5909,-96.845,-107.3273,-103.6817,-95.1079,-94.9563,-95.678
0,3.1416,3.1416,3.1416,3.1416,3.1416,3.1416
90,90,90,90,109.5731,90,61.9275
270,270,90,200.556,270,286.5044,270
90,90,90,90,109.5731,90,61.9275
90,270,90,159.444,90,73.4956,90
7
2.1667e-08,2.8333e-08,9.8333e-08,6.3792e-08,2.3096e-08,2.2669e-08,2.4768e-08
-84.2631,-96.5932,-107.4012,-103.6426,-94.8181,-94.6559,-95.425
0,3.1416,3.1416,3.1416,3.1416,3.1416,3.1416
90,90,90,90,110.2657,90,61.0203
270,270,90,199.8552,270,287.1027,270
90,90,90,90,110.2657,90,61.0203
90,270,90,160.1448,90,72.8973,90
7
2.0833e-08,2.75e-08,9.9167e-08,6.3514e-08,2.2317e-08,2.1874e-08,2.4042e-08
-83.9224,-96.3339,-107.4745,-103.6046,-94.5198,-94.3458,-95.1667
0,3.1416,3.1416,3.1416,3.1416,3.1416,3.1416
90,90,90,90,111.0068,90,60.0581
270,270,90,199.1481,270,287.7447,270
90,90,90,90,111.0068,90,60.0581
90,270,90,160.8519,90,72.2553,90
7
2e-08,2.6667e-08,1e-07,6.3246e-08,2.1541e-08,2.1082e-08,2.3324e-08
-83.5678,-96.0666,-107.5472,-103.5678,-94.2124,-94.0254,-94.9032
0,3.1416,3.1416,3.1416,3.1416,3.1416,3.1416
90,90,90,90,111.8014,90,59.0362
270,270,90,198.4349,270,288.4349,270
90,90,90,90,111.8014,90,59.0362
90,270,90,161.5651,90,71.5651,90
7
1.9167e-08,2.5833e-08,1.0083e-07,6.2987e-08,2.0769e-08,2.0293e-08,2.2613e-08
-83.1982,-95.7908,-107.6193,-103.5322,-93.8956,-93.6941,-94.6345
0,3.1416,3.1416,3.1416,3.1416,3.1416,3.1416
90,90,90,90,112.6552,90,57.9499
270,270,90,197.7158,270,289.179,270
90,90,90,90,112.6552,90,57.9499
90,270,90,162.2842,90,70.821,90
7
1.8333e-08,2.5e-08,1.0167e-07,6.2738e-08,2.0003e-08,1.9508e-08,2.1911e-08
-82.8121,-95.506,-107.6908,-103.4979,-93.569,-93.3514,-94.3606
0,3.1416,3.1416,3.1416,3.1416,3.1416,3.1416
90,90,90,90,113.5747,90,56.7934
270,270,90,196.9908,270,289.9831,270
90,90,90,90,113.5747,90,56.7934
90,270,90,163.0092,90,70.0169,90
7
1.75e-08,2.4167e-08,1.025e-07,6.25e-08,1.9242e-08,1.8727e-08,2.1219e-08
-82.408,-95.2116,-107.7617,-103.4648,-93.2322,-92.9965,-94.0818
0,3.1416,3.1416,3.1416,3.1416,3.1416,3.1416
90,90,90,90,114.5672,90,55.561
270,270,90,196.2602,270,290.8545,270
90,90,90,90,114.5672,90,55.561
90,270,90,163.7398,90,69.1455,90
7
1.6667e-08,2.3333e-08,1.0333e-07,6.2272e-08,1.8487e-08,1.7951e-08,2.0537e-08
-81.9842,-94.9068,-107.832,-103.4331,-92.8847,-92.6288,-93.7981
0,3.1416,3.1416,3.1416,3.1416,3.1416,3.1416
90,90,90,90,115.641,90,54.2461
270,270,90,195.5241,270,291.8014,270
90,90,90,90,115.641,90,54.2461
90,270,90,164.4759,90,68.1986,90
7
1.5833e-08,2.25e-08,1.0417e-07,6.2054e-08,1.774e-08,1.718e-08,1.9867e-08
-81.5387,-94.5909,-107.9018,-103.4026,-92.5261,-92.2475,-93.5098
0,3.1416,3.1416,3.1416,3.1416,3.1416,3.1416
90,90,90,90,116.8058,90,52.8417
270,270,90,194.7827,270,292.8337,270
90,90,90,90,116.8058,90,52.8417
90,270,90,165.2173,90,67.1663,90
7
1.5e-08,2.1667e-08,1.05e-07,6.1847e-08,1.7e-08,1.6415e-08,1.9209e-08
-81.069,-94.2631,-107.971,-103.3735,-92.1562,-91.8519,-93.2175
0,3.1416,3.1416,3.1416,3.1416,3.1416,3.1416
90,90,90,90,118.0725,90,51.3402
270,270,90,194.0362,270,293.9625,270
90,90,90,90,118.0725,90,51.3402
90,270,90,165.9638,90,66.0375,90
7
1.4167e-08,2.0833e-08,1.0583e-07,6.165e-08,1.6269e-08,1.5657e-08,1.8566e-08
-80.5726,-93.9224,-108.0397,-103.3459,-91.7747,-91.4413,-92.9216
0,3.1416,3.1416,3.1416,3.1416,3.1416,3.1416
90,90,90,90,119.4537,90,49.7334
270,270,90,193.2849,270,295.2011,270
90,90,90,90,119.4537,90,49.7334
90,270,90,166.7151,90,64.7989,90
7
1.3333e-08,2e-08,1.0667e-07,6.1464e-08,1.5549e-08,1.4907e-08,1.7938e-08
-80.046,-93.5678,-108.1078,-103.3196,-91.3814,-91.0151,-92.6228
0,3.1416,3.1416,3.1416,3.1416,3.1416,3.1416
90,90,90,90,120.9638,90,48.0128
270,270,90,192.5288,270,296.5651,270
90,90,90,90,120.9638,90,48.0128
90,270,90,167.4712,90,63.4349,90
7
1.25e-08,1.9167e-08,1.075e-07,6.1288e-08,1.4841e-08,1.4167e-08,1.7328e-08
-79.4854,-93.1982,-108.1754,-103.2948,-90.9764,-90.5726,-92.3221
0,3.1416,3.1416,3.1416,3.1416,3.1416,3.1416
90,90,90,90,122.6192,90,46.1691
270,270,90,191.7683,270,298.0725,270
90,90,90,90,122.6192,90,46.1691
90,270,90,168.2317,90,61.9275,90
7
1.1667e-08,1.8333e-08,1.0833e-07,6.1124e-08,1.4146e-08,1.3437e-08,1.6737e-08
-78.8862,-92.8121,-108.2425,-103.2714,-90.5599,-90.1133,-92.0205
0,3.1416,3.1416,3.1416,3.1416,3.1416,3.1416
90,90,90,90,124.439,90,44.1931
270,270,90,191.0035,270,299.7449,270
90,90,90,90,124.439,90,44.1931
90,270,90,168.9965,90,60.2551,90
7
1.0833e-08,1.75e-08,1.0917e-07,6.097e-08,1.3467e-08,1.272e-08,1.6167e-08
-78.2425,-92.408,-108.309,-103.2496,-90.1327,-89.6372,-91.7196
0,3.1416,3.1416,3.1416,3.1416,3.1416,3.1416
90,90,90,90,126.4444,90,42.075
270,270,90,190.2348,270,301.6075,270
90,90,90,90,126.4444,90,42.075
90,270,90,169.7652,90,58.3925,90
7
1e-08,1.6667e-08,1.1e-07,6.0828e-08,1.2806e-08,1.2019e-08,1.562e-08
-77.5472,-91.9842,-108.3751,-103.2292,-89.6957,-89.1442,-91.4211
0,3.1416,3.1416,3.1416,3.1416,3.1416,3.1416
90,90,90,90,128.6598,90,39.8056
270,270,90,189.4623,270,303.6901,270
90,90,90,90,128.6598,90,39.8056
90,270,90,170.5377,90,56.3099,90
7
9.1667e-09,1.5833e-08,1.1083e-07,6.0696e-08,1.2167e-08,1.1335e-08,1.5101e-08
-76.7915,-91.5387,-108.4406,-103.2105,-89.2507,-88.6353,-91.1271
0,3.1416,3.1416,3.1416,3.1416,3.1416,3.1416
90,90,90,90,131.1121,90,37.3758
270,270,90,188.6864,270,306.0274,270
90,90,90,90,131.1121,90,37.3758
90,270,90,171.3136,90,53.9726,90
7
8.3333e-09,1.5e-08,1.1167e-07,6.0576e-08,1.1552e-08,1.0672e-08,1.461e-08
-75.9636,-91.069,-108.5057,-103.1932,-88.8002,-88.112,-90.8401
0,3.1416,3.1416,3.1416,3.1416,3.1416,3.1416
90,90,90,90,133.8309,90,34.7778
270,270,90,187.9072,270,308.6598,270
90,90,90,90,133.8309,90,34.7778
90,270,90,172.0928,90,51.3402,90
7
7.5e-09,1.4167e-08,1.125e-07,6.0467e-08,1.0966e-08,1.0035e-08,1.4151e-08
-75.0484,-90.5726,-108.5703,-103.1776,-88.3481,-87.5773,-90.5629
0,3.1416,3.1416,3.1416,3.1416,3.1416,3.1416
90,90,90,90,136.8476,90,32.0054
270,270,90,187.125,270,311.6335,270
90,90,90,90,136.8476,90,32.0054
90,270,90,172.875,90,48.3665,90
7
6.6667e-09,1.3333e-08,1.1333e-07,6.0369e-08,1.0414e-08,9.4281e-09,1.3728e-08
-74.0254,-90.046,-108.6344,-103.1635,-87.8993,-87.0357,-90.2991
0,3.1416,3.1416,3.1416,3.1416,3.1416,3.1416
90,90,90,90,140.1944,90,29.0546
270,270,90,186.3402,270,315,270
90,90,90,90,140.1944,90,29.0546
90,270,90,173.6598,90,45,90
7
5.8333e-09,1.25e-08,1.1417e-07,6.0283e-08,9.9009e-09,8.8585e-09,1.3343e-08
-72.8656,-89.4854,-108.698,-103.1511,-87.4607,-86.4944,-90.0521
0,3.1416,3.1416,3.1416,3.1416,3.1416,3.1416
90,90,90,90,143.9017,90,25.9249
270,270,90,185.553,270,318.8141,270
90,90,90,90,143.9017,90,25.9249
90,270,90,174.447,90,41.1859,90
7
5e-09,1.1667e-08,1.15e-07,6.0208e-08,9.434e-09,8.3333e-09,1.3e-08
-71.5266,-88.8862,-108.7612,-103.1403,-87.0411,-85.9636,-89.8261
0,3.1416,3.1416,3.1416,3.1416,3.1416,3.1416
90,90,90,90,147.9946,90,22.6199
270,270,90,184.7636,270,323.1301,270
90,90,90,90,147.9946,90,22.6199
90,270,90,175.2364,90,36.8699,90
7
4.1667e-09,1.0833e-08,1.1583e-07,6.0145e-08,9.02e-09,7.8617e-09,1.2703e-08
-69.943,-88.2425,-108.8239,-103.1311,-86.6514,-85.4575,-89.6252
0,3.1416,3.1416,3.1416,3.1416,3.1416,3.1416
90,90,90,90,152.488,90,19.1481
270,270,90,183.9725,270,327.9946,270
90,90,90,90,152.488,90,19.1481
90,270,90,176.0275,90,32.0054,90
7
3.3333e-09,1e-08,1.1667e-07,6.0093e-08,8.6667e-09,7.4536e-09,1.2454e-08
-68.0048,-87.5472,-108.8862,-103.1236,-86.3043,-84.9945,-89.4537
0,3.1416,3.1416,3.1416,3.1416,3.1416,3.1416
90,90,90,90,157.3801,90,15.5241
270,270,90,183.1798,270,333.4349,270
90,90,90,90,157.3801,90,15.5241
90,270,90,176.8202,90,26.5651,90
7
2.5e-09,9.1667e-09,1.175e-07,6.0052e-08,8.3815e-09,7.12e-09,1.2258e-08
-65.506,-86.7915,-108.948,-103.1178,-86.0137,-84.5968,-89.3154
0,3.1416,3.1416,3.1416,3.1416,3.1416,3.1416
90,90,90,90,162.646,90,11.7683
270,270,90,182.3859,270,339.444,270
90,90,90,90,162.646,90,11.7683
90,270,90,177.6141,90,20.556,90
7
1.6667e-09,8.3333e-09,1.1833e-07,6.0023e-08,8.1718e-09,6.8718e-09,1.2115e-08
-61.9842,-85.9636,-109.0094,-103.1136,-85.7935,-84.2887,-89.2138
0,3.1416,3.1416,3.1416,3.1416,3.1416,3.1416
90,90,90,90,168.2317,90,7.9072
270,270,90,181.5911,270,345.9638,270
90,90,90,90,168.2317,90,7.9072
90,270,90,178.4089,90,14.0362,90
7
8.3333e-10,7.5e-09,1.1917e-07,6.0006e-08,8.0433e-09,6.7185e-09,1.2029e-08
-55.9636,-85.0484,-109.0703,-103.1111,-85.6559,-84.0927,-89.1517
0,3.1416,3.1416,3.1416,3.1416,3.1416,3.1416
90,90,90,90,174.0531,90,3.9725
270,270,90,180.7957,270,352.875,270
90,90,90,90,174.0531,90,3.9725
90,270,90,179.2043,90,7.125,90
7
0,6.6667e-09,1.2e-07,6e-08,8e-09,6.6667e-09,1.2e-08
Inf,-84.0254,-109.1308,-103.1102,-85.609,-84.0254,-89.1308
0,3.1416,3.1416,3.1416,3.1416,3.1416,3.1416
NaN,90,90,90,180,90,0
90,270,90,180,90,0,90
NaN,90,90,90,180,90,0
90,270,90,180,90,0,90
7
8.3333e-10,5.8333e-09,1.2083e-07,6.0006e-08,8.0433e-09,6.7185e-09,1.2029e-08
-55.9636,-82.8656,-109.191,-103.1111,-85.6559,-84.0927,-89.1517
0,3.1416,3.1416,3.1416,3.1416,3.1416,3.1416
90,90,90,90,174.0531,90,3.9725
90,270,90,179.2043,90,7.125,90
90,90,90,90,174.0531,90,3.9725
270,270,90,180.7957,270,352.875,270
7
1.6667e-09,5e-09,1.2167e-07,6.0023e-08,8.1718e-09,6.8718e-09,1.2115e-08
-61.9842,-81.5266,-109.2507,-103.1136,-85.7935,-84.2887,-89.2138
0,3.1416,3.1416,3.1416,3.1416,3.1416,3.1416
90,90,90,90,168.2317,90,7.9072
90,270,90,178.4089,90,14.0362,90
90,90,90,90,168.2317,90,7.9072
270,270,90,181.5911,270,345.9638,270
7
8.3333e-10,5.8333e-09,1.2083e-07,6.0006e-08,8.0433e-09,6.7185e-09,1.2029e-08
-55.9636,-82.8656,-109.191,-103.1111,-85.6559,-84.0927,-89.1517
0,3.1416,3.1416,3.1416,3.1416,3.1416,3.1416
90,90,90,90,174.0531,90,3.9725
90,270,90,179.2043,90,7.125,90
90,90,90,90,174.0531,90,3.9725
270,270,90,180.7957,270,352.875,270
7
0,6.6667e-09,1.2e-07,6e-08,8e-09,6.6667e-09,1.2e-08
Inf,-84.0254,-109.1308,-103.1102,-85.609,-84.0254,-89.1308
0,3.1416,3.1416,3.1416,3.1416,3.1416,3.1416
NaN,90,90,90,180,90,0
90,270,90,180,90,0,90
NaN,90,90,90,180,90,0
90,270,90,180,90,0,90
7
8.3333e-10,7.5e-09,1.1917e-07,6.0006e-08,8.0433e-09,6.7185e-09,1.2029e-08
-55.9636,-85.0484,-109.0703,-103.1111,-85.6559,-84.0927,-89.1517
0,3.1416,3.1416,3.1416,3.1416,3.1416,3.1416
90,90,90,90,174.0531,90,3.9725
270,270,90,180.7957,270,352.875,270
90,90,90,90,174.0531,90,3.9725
90,270,90,179.2043,90,7.125,90
7
1.6667e-09,8.3333e-09,1.1833e-07,6.0023e-08,8.1718e-09,6.8718e-09,1.2115e-08
-61.9842,-85.9636,-109.0094,-103.1136,-85.7935,-84.2887,-89.2138
0,3.1416,3.1416,3.1416,3.1416,3.1416,3.1416
90,90,90,90,168.2317,90,7.9072
270,270,90,181.5911,270,345.9638,270
90,90,90,90,168.2317,90,7.9072
90,270,90,178.4089,90,14.0362,90
7
2.5e-09,9.1667e-09,1.175e-07,6.0052e-08,8.3815e-09,7.12e-09,1.2258e-08
-65.506,-86.7915,-108.948,-103.1178,-86.0137,-84.5968,-89.3154
0,3.1416,3.1416,3.1416,3.1416,3.1416,3.1416
90,90,90,90,162.646,90,11.7683
270,270,90,182.3859,270,339.444,270
90,90,90,90,162.646,90,11.7683
90,270,90,177.6141,90,20.556,90
7
3.3333e-09,1e-08,1.1667e-07,6.0093e-08,8.6667e-09,7.4536e-09,1.2454e-08
-68.0048,-87.5472,-108.8862,-103.1236,-86.3043,-84.9945,-89.4537
0,3.1416,3.1416,3.1416,3.1416,3.1416,3.1416
90,90,90,90,157.3801,90,15.5241
270,270,90,183.1798,270,333.4349,270
90,90,90,90,157.3801,90,15.5241
90,270,90,176.8202,90,26.5651,90
7
4.1667e-09,1.0833e-08,1.1583e-07,6.0145e-08,9.02e-09,7.8617e-09,1.2703e-08
-69.943,-88.2425,-108.8239,-103.1311,-86.6514,-85.4575,-89.6252
0,3.1416,3.1416,3.1416,3.1416,3.1416,3.1416
90,90,90,90,152.488,90,19.1481
270,270,90,183.9725,270,327.9946,270
90,90,90,90,152.488,90,19.1481
90,270,90,176.0275,90,32.0054,90
7
5e-09,1.1667e-08,1.15e-07,6.0208e-08,9.434e-09,8.3333e-09,1.3e-08
-71.5266,-88.8862,-108.7612,-103.1403,-87.0411,-85.9636,-89.8261
0,3.1416,3.1416,3.1416,3.1416,3.1416,3.1416
90,90,90,90,147.9946,90,22.6199
270,270,90,184.7636,270,323.1301,270
90,90,90,90,147.9946,90,22.6199
90,270,90,175.2364,90,36.8699,90
7
5.8333e-09,1.25e-08,1.1417e-07,6.0283e-08,9.9009e-09,8.8585e-09,1.3343e-08
-72.8656,-89.4854,-108.698,-103.1511,-87.4607,-86.4944,-90.0521
0,3.1416,3.1416,3.1416,3.1416,3.1416,3.1416
90,90,90,90,143.9017,90,25.9249
270,270,90,185.553,270,318.8141,270
90,90,90,90,143.9017,90,25.9249
90,270,90,174.447,90,41.1859,90
7
6.6667e-09,1.3333e-08,1.1333e-07,6.0369e-08,1.0414e-08,9.4281e-09,1.3728e-08
-74.0254,-90.046,-108.6344,-103.1635,-87.8993,-87.0357,-90.2991
0,3.1416,3.1416,3.1416,3.1416,3.1416,3.1416
90,90,90,90,140.1944,90,29.0546
270,270,90,186.3402,270,315,270
90,90,90,90,140.1944,90,29.0546
90,270,90,173.6598,90,45,90
7
7.5e-09,1.4167e-08,1.125e-07,6.0467e-08,1.0966e-08,1.0035e-08,1.4151e-08
-75.0484,-90.5726,-108.5703,-103.1776,-88.3481,-87.5773,-90.5629
0,3.1416,3.1416,3.1416,3.1416,3.1416,3.1416
90,90,90,90,136.8476,90,32.0054
270,270,90,187.125,270,311.6335,270
90,90,90,90,136.8476,90,32.0054
90,270,90,172.875,90,48.3665,90
7
8.3333e-09,1.5e-08,1.1167e-07,6.0576e-08,1.1552e-08,1.0672e-08,1.461e-08
-75.9636,-91.069,-108.5057,-103.1932,-88.8002,-88.112,-90.8401
0,3.1416,3.1416,3.1416,3.1416,3.1416,3.1416
90,90,90,90,133.8309,90,34.7778
270,270,90,187.9072,270,308.6598,270
90,90,90,90,133.8309,90,34.7778
90,270,90,172.0928,90,51.3402,90
7
9.1667e-09,1.5833e-08,1.1083e-07,6.0696e-08,1.2167e-08,1.1335e-08,1.5101e-08
-76.7915,-91.5387,-108.4406,-103.2105,-89.2507,-88.6353,-91.1271
0,3.1416,3.1416,3.1416,3.1416,3.1416,3.1416
90,90,90,90,131.1121,90,37.3758
270,270,90,188.6864,270,306.0274,270
90,90,90,90,131.1121,90,37.3758
90,270,90,171.3136,90,53.9726,90
7
1e-08,1.6667e-08,1.1e-07,6.0828e-08,1.2806e-08,1.2019e-08,1.562e-08
-77.5472,-91.9842,-108.3751,-103.2292,-89.6957,-89.1442,-91.4211
0,3.1416,3.1416,3.1416,3.1416,3.1416,3.1416
90,90,90,90,128.6598,90,39.8056
270,270,90,189.4623,270,303.6901,270
90,90,90,90,128.6598,90,39.8056
90,270,90,170.5377,90,56.3099,90
7
1.0833e-08,1.75e-08,1.0917e-07,6.097e-08,1.3467e-08,1.272e-08,1.6167e-08
-78.2425,-92.408,-108.309,-103.2496,-90.1327,-89.6372,-91.7196
0,3.1416,3.1416,3.1416,3.1416,3.1416,3.1416
90,90,90,90,126.4444,90,42.075
270,270,90,190.2348,270,301.6075,270
90,90,90,90,126.4444,90,42.075
90,270,90,169.7652,90,58.3925,90
7
1.1667e-08,1.8333e-08,1.0833e-07,6.1124e-08,1.4146e-08,1.3437e-08,1.6737e-08
-78.8862,-92.8121,-108.2425,-103.2714,-90.5599,-90.1133,-92.0205
0,3.1416,3.1416,3.1416,3.1416,3.1416,3.1416
90,90,90,90,124.439,90,44.1931
270,270,90,191.0035,270,299.7449,270
90,90,90,90,124.439,90,44.1931
90,270,90,168.9965,90,60.2551,90
7
1.25e-08,1.9167e-08,1.075e-07,6.1288e-08,1.4841e-08,1.4167e-08,1.7328e-08
-79.4854,-93.1982,-108.1754,-103.2948,-90.9764,-90.5726,-92.3221
0,3.1416,3.1416,3.1416,3.1416,3.1416,3.1416
90,90,90,90,122.6192,90,46.1691
270,270,90,191.7683,270,298.0725,270
90,90,90,90,122.6192,90,46.1691
90,270,90,168.2317,90,61.9275,90
7
1.3333e-08,2e-08,1.0667e-07,6.1464e-08,1.5549e-08,1.4907e-08,1.7938e-08
-80.046,-93.5678,-108.1078,-103.3196,-91.3814,-91.0151,-92.6228
0,3.1416,3.1416,3.1416,3.1416,3.1416,3.1416
90,90,90,90,120.9638,90,48.0128
270,270,90,192.5288,270,296.5651,270
90,90,90,90,120.9638,90,48.0128
90,270,90,167.4712,90,63.4349,90
7
1.4167e-08,2.0833e-08,1.0583e-07,6.165e-08,1.6269e-08,1.5657e-08,1.8566e-08
-80.5726,-93.9224,-108.0397,-103.3459,-91.7747,-91.4413,-92.9216
0,3.1416,3.1416,3.1416,3.1416,3.1416,3.1416
90,90,90,90,119.4537,90,49.7334
270,270,90,193.2849,270,295.2011,270
90,90,90,90,119.4537,90,49.7334
90,270,90,166.7151,90,64.7989,90
7
1.5e-08,2.1667e-08,1.05e-07,6.1847e-08,1.7e-08,1.6415e-08,1.9209e-08
-81.069,-94.2631,-107.971,-103.3735,-92.1562,-91.8519,-93.2175
0,3.1416,3.1416,3.1416,3.1416,3.1416,3.1416
90,90,90,90,118.0725,90,51.3402
270,270,90,194.0362,270,293.9625,270
90,90,90,90,118.0725,90,51.3402
90,270,90,165.9638,90,66.0375,90
7
1.5833e-08,2.25e-08,1.0417e-07,6.2054e-08,1.774e-08,1.718e-08,1.9867e-08
-81.5387,-94.5909,-107.9018,-103.4026,-92.5261,-92.2475,-93.5098
0,3.1416,3.1416,3.1416,3.1416,3.1416,3.1416
90,90,90,90,116.8058,90,52.8417
270,270,90,194.7827,270,292.8337,270
90,90,90,90,116.8058,90,52.8417
90,270,90,165.2173,90,67.1663,90
7
1.6667e-08,2.3333e-08,1.0333e-07,6.2272e-08,1.8487e-08,1.7951e-08,2.0537e-08
-81.9842,-94.9068,-107.832,-103.4331,-92.8847,-92.6288,-93.7981
0,3.1416,3.1416,3.1416,3.1416,3.1416,3.1416
90,90,90,90,115.641,90,54.2461
270,270,90,195.5241,270,291.8014,270
90,90,90,90,115.641,90,54.2461
90,270,90,164.4759,90,68.1986,90
7
1.75e-08,2.4167e-08,1.025e-07,6.25e-08,1.9242e-08,1.8727e-08,2.1219e-08
-82.408,-95.2116,-107.7617,-103.4648,-93.2322,-92.9965,-94.0818
0,3.1416,3.1416,3.1416,3.1416,3.1416,3.1416
90,90,90,90,114.5672,90,55.561
270,270,90,196.2602,270,290.8545,270
90,90,90,90,114.5672,90,55.561
90,270,90,163.7398,90,69.1455,90
7
1.8333e-08,2.5e-08,1.0167e-07,6.2738e-08,2.0003e-08,1.9508e-08,2.1911e-08
-82.8121,-95.506,-107.6908,-103.4979,-93.569,-93.3514,-94.3606
0,3.1416,3.1416,3.1416,3.1416,3.1416,3.1416
90,90,90,90,113.5747,90,56.7934
270,270,90,196.9908,270,289.9831,270
90,90,90,90,113.5747,90,56.7934
90,270,90,163.0092,90,70.0169,90
7
1.9167e-08,2.5833e-08,1.0083e-07,6.2987e-08,2.0769e-08,2.0293e-08,2.2613e-08
-83.1982,-95.7908,-107.6193,-103.5322,-93.8956,-93.6941,-94.6345
0,3.1416,3.1416,3.1416,3.1416,3.1416,3.1416
90,90,90,90,112.6552,90,57.9499
270,270,90,197.7158,270,289.179,270
90,90,90,90,112.6552,90,57.9499
90,270,90,162.2842,90,70.821,90
7
2e-08,2.6667e-08,1e-07,6.3246e-08,2.1541e-08,2.1082e-08,2.3324e-08
-83.5678,-96.0666,-107.5472,-103.5678,-94.2124,-94.0254,-94.9032
0,3.1416,3.1416,3.1416,3.1416,3.1416,3.1416
90,90,90,90,111.8014,90,59.0362
270,270,90,198.4349,270,288.4349,270
90,90,90,90,111.8014,90,59.0362
90,270,90,161.5651,90,71.5651,90
7
2.0833e-08,2.75e-08,9.9167e-08,6.3514e-08,2.2317e-08,2.1874e-08,2.4042e-08
-83.9224,-96.3339,-107.4745,-103.6046,-94.5198,-94.3458,-95.1667
0,3.1416,3.1416,3.1416,3.1416,3.1416,3.1416
90,90,90,90,111.0068,90,60.0581
270,270,90,199.1481,270,287.7447,270
90,90,90,90,111.0068,90,60.0581
90,270,90,160.8519,90,72.2553,90
7
2.1667e-08,2.8333e-08,9.8333e-08,6.3792e-08,2.3096e-08,2.2669e-08,2.4768e-08
-84.2631,-96.5932,-107.4012,-103.6426,-94.8181,-94.6559,-95.425
0,3.1416,3.1416,3.1416,3.1416,3.1416,3.1416
90,90,90,90,110.2657,90,61.0203
270,270,90,199.8552,270,287.1027,270
90,90,90,90,110.2657,90,61.0203
90,270,90,160.1448,90,72.8973,90
7
2.25e-08,2.9167e-08,9.75e-08,6.408e-08,2.388e-08,2.3467e-08,2.55e-08
-84.5909,-96.845,-107.3273,-103.6817,-95.1079,-94.9563,-95.678
0,3.1416,3.1416,3.1416,3.1416,3.1416,3.1416
90,90,90,90,109.5731,90,61.9275
270,270,90,200.556,270,286.5044,270
90,90,90,90,109.5731,90,61.9275
90,270,90,159.444,90,73.4956,90
7
2.3333e-08,3e-08,9.6667e-08,6.4377e-08,2.4667e-08,2.4267e-08,2.6238e-08
-84.9068,-97.0896,-107.2528,-103.7219,-95.3894,-95.2476,-95.9259
0,3.1416,3.1416,3.1416,3.1416,3.1416,3.1416
90,90,90,90,108.9246,90,62.7839
270,270,90,201.2505,270,285.9454,270
90,90,90,90,108.9246,90,62.7839
90,270,90,158.7495,90,74.0546,90
