6
2.7333e-08,1.2307e-07,2.8135e-08,3.3869e-08,3.0118e-08,3.3869e-08
-86.2811,-109.3505,-96.532,-98.1433,-97.1238,-98.1433
0,3.1416,3.1416,3.1416,3.1416,3.1416
77.3196,87.2056,77.6865,79.796,117.6995,79.796
180,257.4712,165.9638,180,180,0
102.6804,92.7944,102.3135,100.204,117.6995,100.204
0,282.5288,14.0362,180,0,0
6
2.7346e-08,1.2226e-07,2.8344e-08,3.3879e-08,3.013e-08,3.3879e-08
-86.2851,-109.293,-96.5963,-98.1459,-97.1272,-98.1459
0,3.1416,3.1416,3.1416,3.1416,3.1416
77.3256,87.1871,77.7787,79.7991,117.688,79.7991
178.2101,257.3864,164.2914,178.5679,178.2101,1.4321
102.6744,92.8129,102.2213,100.2009,117.688,100.2009
358.2101,282.6136,15.7086,181.4321,358.2101,358.5679
6
2.7384e-08,1.2145e-07,2.8575e-08,3.391e-08,3.0164e-08,3.391e-08
-86.2972,-109.2351,-96.6671,-98.1538,-97.1371,-98.1538
0,3.1416,3.1416,3.1416,3.1416,3.1416
77.3435,87.1682,77.8794,79.8085,117.6535,79.8085
176.4237,257.3004,162.646,177.1376,176.4237,2.8624
102.6565,92.8318,102.1206,100.1915,117.6535,100.1915
356.4237,282.6996,17.354,182.8624,356.4237,357.1376
6
2.7447e-08,1.2064e-07,2.8829e-08,3.3961e-08,3.0222e-08,3.3961e-08
-86.3173,-109.1769,-96.744,-98.1669,-97.1536,-98.1669
0,3.1416,3.1416,3.1416,3.1416,3.1416
77.3732,87.1492,77.9878,79.824,117.5964,79.824
174.6442,257.2133,161.0296,175.7108,174.6442,4.2892
102.6268,92.8508,102.0122,100.176,117.5964,100.176
354.6442,282.7867,18.9704,184.2892,354.6442,355.7108
6
2.7536e-08,1.1983e-07,2.9105e-08,3.4033e-08,3.0302e-08,3.4033e-08
-86.3452,-109.1182,-96.8266,-98.1851,-97.1767,-98.1851
0,3.1416,3.1416,3.1416,3.1416,3.1416
77.4144,87.1298,78.1032,79.8456,117.5171,79.8456
172.875,257.125,159.444,174.2894,172.875,5.7106
102.5856,92.8702,101.8968,100.1544,117.5171,100.1544
352.875,282.875,20.556,185.7106,352.875,354.2894
6
2.7649e-08,1.1901e-07,2.9402e-08,3.4124e-08,3.0405e-08,3.4124e-08
-86.3808,-109.0592,-96.9147,-98.2085,-97.2062,-98.2085
0,3.1416,3.1416,3.1416,3.1416,3.1416
77.4668,87.1103,78.225,79.8732,117.4161,79.8732
171.1193,257.0355,157.8906,172.875,171.1193,7.125
102.5332,92.8897,101.775,100.1268,117.4161,100.1268
351.1193,282.9645,22.1094,187.125,351.1193,352.875
6
2.7787e-08,1.182e-07,2.9719e-08,3.4236e-08,3.053e-08,3.4236e-08
-86.424,-108.9998,-97.0079,-98.2369,-97.2419,-98.2369
0,3.1416,3.1416,3.1416,3.1416,3.1416
77.53,87.0904,78.3525,79.9066,117.2941,79.9066
169.3803,256.9448,156.3706,171.4692,169.3803,8.5308
102.47,92.9096,101.6475,100.0934,117.2941,100.0934
349.3803,283.0552,23.6294,188.5308,349.3803,351.4692
6
2.7949e-08,1.1739e-07,3.0056e-08,3.4368e-08,3.0678e-08,3.4368e-08
-86.4745,-108.9401,-97.1058,-98.2702,-97.2838,-98.2702
0,3.1416,3.1416,3.1416,3.1416,3.1416
77.6034,87.0703,78.4848,79.9456,117.152,79.9456
167.6609,256.8528,154.8852,170.0738,167.6609,9.9262
102.3966,92.9297,101.5152,100.0544,117.152,100.0544
347.6609,283.1472,25.1148,189.9262,347.6609,350.0738
6
2.8135e-08,1.1658e-07,3.0412e-08,3.4519e-08,3.0847e-08,3.4519e-08
-86.532,-108.8799,-97.2081,-98.3084,-97.3316,-98.3084
0,3.1416,3.1416,3.1416,3.1416,3.1416
77.6865,87.0499,78.6214,79.9901,116.9909,79.9901
165.9638,256.7595,153.4349,168.6901,165.9638,11.3099
102.3135,92.9501,101.3786,100.0099,116.9909,100.0099
345.9638,283.2405,26.5651,191.3099,345.9638,348.6901
6
2.8344e-08,1.1577e-07,3.0786e-08,3.4689e-08,3.1038e-08,3.4689e-08
-86.5963,-108.8194,-97.3144,-98.3512,-97.3851,-98.3512
0,3.1416,3.1416,3.1416,3.1416,3.1416
77.7787,87.0293,78.7616,80.0399,116.8117,80.0399
164.2914,256.6649,152.0205,167.3196,164.2914,12.6804
102.2213,92.9707,101.2384,99.9601,116.8117,99.9601
344.2914,283.3351,27.9795,192.6804,344.2914,347.3196
6
2.8575e-08,1.1496e-07,3.1179e-08,3.4879e-08,3.125e-08,3.4879e-08
-86.6671,-108.7584,-97.4244,-98.3985,-97.4442,-98.3985
0,3.1416,3.1416,3.1416,3.1416,3.1416
77.8794,87.0083,78.9048,80.0946,116.6155,80.0946
162.646,256.569,150.6422,165.9638,162.646,14.0362
102.1206,92.9917,101.0952,99.9054,116.6155,99.9054
342.646,283.431,29.3578,194.0362,342.646,345.9638
6
2.8829e-08,1.1415e-07,3.1588e-08,3.5088e-08,3.1482e-08,3.5088e-08
-86.744,-108.697,-97.5377,-98.4503,-97.5086,-98.4503
0,3.1416,3.1416,3.1416,3.1416,3.1416
77.9878,86.9871,79.0504,80.154,116.4037,80.154
161.0296,256.4717,149.3003,164.6237,161.0296,15.3763
102.0122,93.0129,100.9496,99.846,116.4037,99.846
341.0296,283.5283,30.6997,195.3763,341.0296,344.6237
6
2.9105e-08,1.1335e-07,3.2014e-08,3.5314e-08,3.1735e-08,3.5314e-08
-86.8266,-108.6353,-97.654,-98.5063,-97.578,-98.5063
0,3.1416,3.1416,3.1416,3.1416,3.1416
78.1032,86.9656,79.1978,80.2179,116.1775,80.2179
159.444,256.373,147.9946,163.3008,159.444,16.6992
101.8968,93.0344,100.8022,99.7821,116.1775,99.7821
339.444,283.627,32.0054,196.6992,339.444,343.3008
6
2.9402e-08,1.1254e-07,3.2456e-08,3.5559e-08,3.2007e-08,3.5559e-08
-86.9147,-108.5731,-97.773,-98.5663,-97.6522,-98.5663
0,3.1416,3.1416,3.1416,3.1416,3.1416
78.225,86.9438,79.3465,80.2859,115.9381,80.2859
157.8906,256.2729,146.7251,161.9958,157.8906,18.0042
101.775,93.0562,100.6535,99.7141,115.9381,99.7141
337.8906,283.7271,33.2749,198.0042,337.8906,341.9958
6
2.9719e-08,1.1173e-07,3.2912e-08,3.5822e-08,3.2299e-08,3.5822e-08
-87.0079,-108.5105,-97.8944,-98.6302,-97.731,-98.6302
0,3.1416,3.1416,3.1416,3.1416,3.1416
78.3525,86.9216,79.4961,80.3578,115.6867,80.3578
156.3706,256.1713,145.4915,160.71,156.3706,19.29
101.6475,93.0784,100.5039,99.6422,115.6867,99.6422
336.3706,283.8287,34.5085,199.29,336.3706,340.71
6
3.0056e-08,1.1092e-07,3.3384e-08,3.6102e-08,3.2609e-08,3.6102e-08
-87.1058,-108.4475,-98.0179,-98.6979,-97.814,-98.6979
0,3.1416,3.1416,3.1416,3.1416,3.1416
78.4848,86.8992,79.6461,80.4333,115.4248,80.4333
154.8852,256.0683,144.2933,159.444,154.8852,20.556
101.5152,93.1008,100.3539,99.5667,115.4248,99.5667
334.8852,283.9317,35.7067,200.556,334.8852,339.444
6
3.0412e-08,1.1011e-07,3.3869e-08,3.6399e-08,3.2938e-08,3.6399e-08
-87.2081,-108.384,-98.1433,-98.769,-97.9011,-98.769
0,3.1416,3.1416,3.1416,3.1416,3.1416
78.6214,86.8764,79.796,80.5121,115.1535,80.5121
153.4349,255.9638,143.1301,158.1986,153.4349,21.8014
101.3786,93.1236,100.204,99.4879,115.1535,99.4879
333.4349,284.0362,36.8699,201.8014,333.4349,338.1986
6
3.0786e-08,1.0931e-07,3.4368e-08,3.6712e-08,3.3284e-08,3.6712e-08
-87.3144,-108.3201,-98.2702,-98.8435,-97.9919,-98.8435
0,3.1416,3.1416,3.1416,3.1416,3.1416
78.7616,86.8534,79.9456,80.5938,114.8741,80.5938
152.0205,255.8577,142.0013,156.9745,152.0205,23.0255
101.2384,93.1466,100.0544,99.4062,114.8741,99.4062
332.0205,284.1423,37.9987,203.0255,332.0205,336.9745
6
3.1179e-08,1.085e-07,3.4879e-08,3.7042e-08,3.3647e-08,3.7042e-08
-87.4244,-108.2558,-98.3985,-98.9211,-98.0861,-98.9211
0,3.1416,3.1416,3.1416,3.1416,3.1416
78.9048,86.8299,80.0946,80.6783,114.5878,80.6783
150.6422,255.75,140.9061,155.7723,150.6422,24.2277
101.0952,93.1701,99.9054,99.3217,114.5878,99.3217
330.6422,284.25,39.0939,204.2277,330.6422,335.7723
6
3.1588e-08,1.0769e-07,3.5403e-08,3.7387e-08,3.4027e-08,3.7387e-08
-87.5377,-108.191,-98.528,-99.0017,-98.1836,-99.0017
0,3.1416,3.1416,3.1416,3.1416,3.1416
79.0504,86.8062,80.2425,80.7651,114.2955,80.7651
149.3003,255.6407,139.844,154.5923,149.3003,25.4077
100.9496,93.1938,99.7575,99.2349,114.2955,99.2349
329.3003,284.3593,40.156,205.4077,329.3003,334.5923
6
3.2014e-08,1.0689e-07,3.5938e-08,3.7748e-08,3.4422e-08,3.7748e-08
-87.654,-108.1257,-98.6584,-99.085,-98.284,-99.085
0,3.1416,3.1416,3.1416,3.1416,3.1416
79.1978,86.7821,80.3893,80.854,113.9986,80.854
147.9946,255.5297,138.8141,153.4349,147.9946,26.5651
100.8022,93.2179,99.6107,99.146,113.9986,99.146
327.9946,284.4703,41.1859,206.5651,327.9946,333.4349
6
3.2456e-08,1.0608e-07,3.6485e-08,3.8123e-08,3.4833e-08,3.8123e-08
-87.773,-108.06,-98.7895,-99.171,-98.3871,-99.171
0,3.1416,3.1416,3.1416,3.1416,3.1416
79.3465,86.7576,80.5346,80.9448,113.6979,80.9448
146.7251,255.4171,137.8156,152.3005,146.7251,27.6995
100.6535,93.2424,99.4654,99.0552,113.6979,99.0552
326.7251,284.5829,42.1844,207.6995,326.7251,332.3005
6
3.2912e-08,1.0528e-07,3.7042e-08,3.8513e-08,3.5259e-08,3.8513e-08
-87.8944,-107.9939,-98.9211,-99.2593,-98.4927,-99.2593
0,3.1416,3.1416,3.1416,3.1416,3.1416
79.4961,86.7328,80.6783,81.0372,113.3944,81.0372
145.4915,255.3027,136.8476,151.1892,145.4915,28.8108
100.5039,93.2672,99.3217,98.9628,113.3944,98.9628
325.4915,284.6973,43.1524,208.8108,325.4915,331.1892
6
3.3384e-08,1.0447e-07,3.7609e-08,3.8916e-08,3.57e-08,3.8916e-08
-88.0179,-107.9272,-99.0532,-99.3498,-98.6005,-99.3498
0,3.1416,3.1416,3.1416,3.1416,3.1416
79.6461,86.7076,80.8201,81.1309,113.0889,81.1309
144.2933,255.1865,135.9094,150.1011,144.2933,29.8989
100.3539,93.2924,99.1799,98.8691,113.0889,98.8691
324.2933,284.8135,44.0906,209.8989,324.2933,330.1011
6
3.3869e-08,1.0367e-07,3.8187e-08,3.9333e-08,3.6154e-08,3.9333e-08
-88.1433,-107.8601,-99.1855,-99.4424,-98.7103,-99.4424
0,3.1416,3.1416,3.1416,3.1416,3.1416
79.796,86.682,80.9601,81.2257,112.7824,81.2257
143.1301,255.0686,135,149.0362,143.1301,30.9638
100.204,93.318,99.0399,98.7743,112.7824,98.7743
323.1301,284.9314,45,210.9638,323.1301,329.0362
6
3.4368e-08,1.0286e-07,3.8773e-08,3.9764e-08,3.6622e-08,3.9764e-08
-88.2702,-107.7925,-99.3179,-99.5369,-98.822,-99.5369
0,3.1416,3.1416,3.1416,3.1416,3.1416
79.9456,86.6561,81.0979,81.3214,112.4755,81.3214
142.0013,254.9488,134.1186,147.9946,142.0013,32.0054
100.0544,93.3439,98.9021,98.6786,112.4755,98.6786
322.0013,285.0512,45.8814,212.0054,322.0013,327.9946
6
3.4879e-08,1.0206e-07,3.9369e-08,4.0206e-08,3.7102e-08,4.0206e-08
-88.3985,-107.7245,-99.4502,-99.6331,-98.9352,-99.6331
0,3.1416,3.1416,3.1416,3.1416,3.1416
80.0946,86.6297,81.2336,81.4177,112.1689,81.4177
140.9061,254.8271,133.2643,146.9761,140.9061,33.0239
99.9054,93.3703,98.7664,98.5823,112.1689,98.5823
320.9061,285.1729,46.7357,213.0239,320.9061,326.9761
6
3.5403e-08,1.0126e-07,3.9973e-08,4.0662e-08,3.7595e-08,4.0662e-08
-88.528,-107.6559,-99.5825,-99.7309,-99.0498,-99.7309
0,3.1416,3.1416,3.1416,3.1416,3.1416
80.2425,86.603,81.3671,81.5145,111.8633,81.5145
139.844,254.7035,132.4362,145.9807,139.844,34.0193
99.7575,93.397,98.6329,98.4855,111.8633,98.4855
319.844,285.2965,47.5638,214.0193,319.844,325.9807
6
3.5938e-08,1.0046e-07,4.0585e-08,4.1129e-08,3.8099e-08,4.1129e-08
-88.6584,-107.5868,-99.7145,-99.8301,-99.1656,-99.8301
0,3.1416,3.1416,3.1416,3.1416,3.1416
80.3893,86.5758,81.4983,81.6115,111.5591,81.6115
138.8141,254.5778,131.6335,145.008,138.8141,34.992
99.6107,93.4242,98.5017,98.3885,111.5591,98.3885
318.8141,285.4222,48.3665,214.992,318.8141,325.008
6
3.6485e-08,9.9655e-08,4.1204e-08,4.1607e-08,3.8615e-08,4.1607e-08
-88.7895,-107.5172,-99.8461,-99.9305,-99.2824,-99.9305
0,3.1416,3.1416,3.1416,3.1416,3.1416
80.5346,86.5483,81.6271,81.7087,111.2569,81.7087
137.8156,254.4502,130.8554,144.0579,137.8156,35.9421
99.4654,93.4517,98.3729,98.2913,111.2569,98.2913
317.8156,285.5498,49.1446,215.9421,317.8156,324.0579
6
3.7042e-08,9.8854e-08,4.1832e-08,4.2096e-08,3.9142e-08,4.2096e-08
-88.9211,-107.4471,-99.9773,-100.0321,-99.4001,-100.0321
0,3.1416,3.1416,3.1416,3.1416,3.1416
80.6783,86.5203,81.7535,81.8057,110.9572,81.8057
136.8476,254.3205,130.1009,143.1301,136.8476,36.8699
99.3217,93.4797,98.2465,98.1943,110.9572,98.1943
316.8476,285.6795,49.8991,216.8699,316.8476,323.1301
6
3.7609e-08,9.8053e-08,4.2466e-08,4.2597e-08,3.968e-08,4.2597e-08
-89.0532,-107.3765,-100.108,-100.1347,-99.5186,-100.1347
0,3.1416,3.1416,3.1416,3.1416,3.1416
80.8201,86.4918,81.8775,81.9026,110.6603,81.9026
135.9094,254.1886,129.3693,142.2243,135.9094,37.7757
99.1799,93.5082,98.1225,98.0974,110.6603,98.0974
315.9094,285.8114,50.6307,217.7757,315.9094,322.2243
6
3.8187e-08,9.7253e-08,4.3107e-08,4.3107e-08,4.0227e-08,4.3107e-08
-89.1855,-107.3053,-100.2382,-100.2382,-99.6376,-100.2382
0,3.1416,3.1416,3.1416,3.1416,3.1416
80.9601,86.4629,81.9991,81.9991,110.3665,81.9991
135,254.0546,128.6598,141.3402,135,38.6598
99.0399,93.5371,98.0009,98.0009,110.3665,98.0009
315,285.9454,51.3402,218.6598,315,321.3402
6
3.8773e-08,9.6454e-08,4.3755e-08,4.3628e-08,4.0784e-08,4.3628e-08
-89.3179,-107.2336,-100.3677,-100.3424,-99.7571,-100.3424
0,3.1416,3.1416,3.1416,3.1416,3.1416
81.0979,86.4336,82.1183,82.0952,110.0762,82.0952
134.1186,253.9183,127.9716,140.4774,134.1186,39.5226
98.9021,93.5664,97.8817,97.9048,110.0762,97.9048
314.1186,286.0817,52.0284,219.5226,314.1186,320.4774
6
3.9369e-08,9.5655e-08,4.4408e-08,4.4158e-08,4.1351e-08,4.4158e-08
-89.4502,-107.1614,-100.4965,-100.4473,-99.8769,-100.4473
0,3.1416,3.1416,3.1416,3.1416,3.1416
81.2336,86.4037,82.2351,82.1907,109.7896,82.1907
133.2643,253.7798,127.3039,139.6355,133.2643,40.3645
98.7664,93.5963,97.7649,97.8093,109.7896,97.8093
313.2643,286.2202,52.6961,220.3645,313.2643,319.6355
6
3.9973e-08,9.4857e-08,4.5068e-08,4.4697e-08,4.1926e-08,4.4697e-08
-89.5825,-107.0886,-100.6246,-100.5528,-99.9969,-100.5528
0,3.1416,3.1416,3.1416,3.1416,3.1416
81.3671,86.3734,82.3494,82.2855,109.5069,82.2855
132.4362,253.6389,126.6561,138.8141,132.4362,41.1859
98.6329,93.6266,97.6506,97.7145,109.5069,97.7145
312.4362,286.3611,53.3439,221.1859,312.4362,318.8141
6
4.0585e-08,9.4059e-08,4.5734e-08,4.5245e-08,4.251e-08,4.5245e-08
-89.7145,-107.0152,-100.7519,-100.6586,-100.1171,-100.6586
0,3.1416,3.1416,3.1416,3.1416,3.1416
81.4983,86.3426,82.4614,82.3795,109.2283,82.3795
131.6335,253.4956,126.0274,138.0128,131.6335,41.9872
98.5017,93.6574,97.5386,97.6205,109.2283,97.6205
311.6335,286.5044,53.9726,221.9872,311.6335,318.0128
6
4.1204e-08,9.3262e-08,4.6404e-08,4.5802e-08,4.3102e-08,4.5802e-08
-89.8461,-106.9413,-100.8784,-100.7649,-100.2372,-100.7649
0,3.1416,3.1416,3.1416,3.1416,3.1416
81.6271,86.3113,82.571,82.4727,108.954,82.4727
130.8554,253.3499,125.4171,137.2312,130.8554,42.7688
98.3729,93.6887,97.429,97.5273,108.954,97.5273
310.8554,286.6501,54.5829,222.7688,310.8554,317.2312
6
4.1832e-08,9.2466e-08,4.708e-08,4.6367e-08,4.3702e-08,4.6367e-08
-89.9773,-106.8668,-101.004,-100.8714,-100.3573,-100.8714
0,3.1416,3.1416,3.1416,3.1416,3.1416
81.7535,86.2795,82.6782,82.5649,108.6841,82.5649
130.1009,253.2016,124.8245,136.4688,130.1009,43.5312
98.2465,93.7205,97.3218,97.4351,108.6841,97.4351
310.1009,286.7984,55.1755,223.5312,310.1009,316.4688
6
4.2466e-08,9.167e-08,4.7761e-08,4.694e-08,4.431e-08,4.694e-08
-90.108,-106.7918,-101.1287,-100.9781,-100.4772,-100.9781
0,3.1416,3.1416,3.1416,3.1416,3.1416
81.8775,86.2472,82.7832,82.6562,108.4186,82.6562
129.3693,253.0508,124.249,135.7252,129.3693,44.2748
98.1225,93.7528,97.2168,97.3438,108.4186,97.3438
309.3693,286.9492,55.751,224.2748,309.3693,315.7252
6
4.3107e-08,9.0875e-08,4.8447e-08,4.7521e-08,4.4925e-08,4.7521e-08
-90.2382,-106.7161,-101.2526,-101.0849,-100.5969,-101.0849
0,3.1416,3.1416,3.1416,3.1416,3.1416
81.9991,86.2143,82.8858,82.7464,108.1577,82.7464
128.6598,252.8973,123.6901,135,128.6598,45
98.0009,93.7857,97.1142,97.2536,108.1577,97.2536
308.6598,287.1027,56.3099,225,308.6598,315
6
4.3755e-08,9.008e-08,4.9137e-08,4.8109e-08,4.5546e-08,4.8109e-08
-90.3677,-106.6398,-101.3754,-101.1917,-100.7163,-101.1917
0,3.1416,3.1416,3.1416,3.1416,3.1416
82.1183,86.1809,82.9863,82.8356,107.9013,82.8356
127.9716,252.741,123.147,134.2927,127.9716,45.7073
97.8817,93.8191,97.0137,97.1644,107.9013,97.1644
307.9716,287.259,56.853,225.7073,307.9716,314.2927
6
4.4408e-08,8.9287e-08,4.9832e-08,4.8704e-08,4.6175e-08,4.8704e-08
-90.4965,-106.563,-101.4974,-101.2986,-100.8353,-101.2986
0,3.1416,3.1416,3.1416,3.1416,3.1416
82.2351,86.1469,83.0845,82.9236,107.6496,82.9236
127.3039,252.582,122.6192,133.6028,127.3039,46.3972
97.7649,93.8531,96.9155,97.0764,107.6496,97.0764
307.3039,287.418,57.3808,226.3972,307.3039,313.6028
6
4.5068e-08,8.8494e-08,5.0531e-08,4.9307e-08,4.681e-08,4.9307e-08
-90.6246,-106.4855,-101.6183,-101.4053,-100.9539,-101.4053
0,3.1416,3.1416,3.1416,3.1416,3.1416
82.3494,86.1123,83.1806,83.0105,107.4026,83.0105
126.6561,252.4201,122.1063,132.93,126.6561,47.07
97.6506,93.8877,96.8194,96.9895,107.4026,96.9895
306.6561,287.5799,57.8937,227.07,306.6561,312.93
6
4.5734e-08,8.7702e-08,5.1234e-08,4.9915e-08,4.7451e-08,4.9915e-08
-90.7519,-106.4074,-101.7383,-101.5119,-101.072,-101.5119
0,3.1416,3.1416,3.1416,3.1416,3.1416
82.4614,86.0771,83.2746,83.0962,107.1602,83.0962
126.0274,252.2553,121.6075,132.2737,126.0274,47.7263
97.5386,93.9229,96.7254,96.9038,107.1602,96.9038
306.0274,287.7447,58.3925,227.7263,306.0274,312.2737
6
4.6404e-08,8.691e-08,5.194e-08,5.0531e-08,4.8097e-08,5.0531e-08
-90.8784,-106.3286,-101.8573,-101.6183,-101.1897,-101.6183
0,3.1416,3.1416,3.1416,3.1416,3.1416
82.571,86.0413,83.3666,83.1806,106.9224,83.1806
125.4171,252.0875,121.1225,131.6335,125.4171,48.3665
97.429,93.9587,96.6334,96.8194,106.9224,96.8194
305.4171,287.9125,58.8775,228.3665,305.4171,311.6335
6
4.708e-08,8.6119e-08,5.2651e-08,5.1152e-08,4.875e-08,5.1152e-08
-91.004,-106.2492,-101.9753,-101.7245,-101.3067,-101.7245
0,3.1416,3.1416,3.1416,3.1416,3.1416
82.6782,86.0049,83.4565,83.2639,106.6892,83.2639
124.8245,251.9166,120.6507,131.0091,124.8245,48.9909
97.3218,93.9951,96.5435,96.7361,106.6892,96.7361
304.8245,288.0834,59.3493,228.9909,304.8245,311.0091
6
4.7761e-08,8.533e-08,5.3365e-08,5.178e-08,4.9408e-08,5.178e-08
-91.1287,-106.1692,-102.0923,-101.8304,-101.4231,-101.8304
0,3.1416,3.1416,3.1416,3.1416,3.1416
82.7832,85.9679,83.5444,83.3459,106.4606,83.3459
124.249,251.7424,120.1916,130.3999,124.249,49.6001
97.2168,94.0321,96.4556,96.6541,106.4606,96.6541
304.249,288.2576,59.8084,229.6001,304.249,310.3999
6
4.8447e-08,8.4541e-08,5.4082e-08,5.2413e-08,5.0071e-08,5.2413e-08
-91.2526,-106.0885,-102.2083,-101.936,-101.539,-101.936
0,3.1416,3.1416,3.1416,3.1416,3.1416
82.8858,85.9302,83.6304,83.4266,106.2365,83.4266
123.6901,251.5651,119.7449,129.8056,123.6901,50.1944
97.1142,94.0698,96.3696,96.5734,106.2365,96.5734
303.6901,288.4349,60.2551,230.1944,303.6901,309.8056
6
4.9137e-08,8.3752e-08,5.4803e-08,5.3052e-08,5.0739e-08,5.3052e-08
-91.3754,-106.0072,-102.3233,-102.0412,-101.6541,-102.0412
0,3.1416,3.1416,3.1416,3.1416,3.1416
82.9863,85.8918,83.7145,83.5061,106.0169,83.5061
123.147,251.3843,119.31,129.2257,123.147,50.7743
97.0137,94.1082,96.2855,96.4939,106.0169,96.4939
303.147,288.6157,60.69,230.7743,303.147,309.2257
6
4.9832e-08,8.2965e-08,5.5527e-08,5.3696e-08,5.1412e-08,5.3696e-08
-91.4974,-105.9251,-102.4373,-102.146,-101.7686,-102.146
0,3.1416,3.1416,3.1416,3.1416,3.1416
83.0845,85.8528,83.7967,83.5843,105.8017,83.5843
122.6192,251.2001,118.8866,128.6598,122.6192,51.3402
96.9155,94.1472,96.2033,96.4157,105.8017,96.4157
302.6192,288.7999,61.1134,231.3402,302.6192,308.6598
6
5.0531e-08,8.2179e-08,5.6254e-08,5.4345e-08,5.209e-08,5.4345e-08
-91.6183,-105.8424,-102.5502,-102.2504,-101.8823,-102.2504
0,3.1416,3.1416,3.1416,3.1416,3.1416
83.1806,85.813,83.8772,83.6613,105.5908,83.6613
122.1063,251.0124,118.4742,128.1076,122.1063,51.8924
96.8194,94.187,96.1228,96.3387,105.5908,96.3387
302.1063,288.9876,61.5258,231.8924,302.1063,308.1076
6
5.1234e-08,8.1393e-08,5.6983e-08,5.4999e-08,5.2772e-08,5.4999e-08
-91.7383,-105.759,-102.6622,-102.3543,-101.9953,-102.3543
0,3.1416,3.1416,3.1416,3.1416,3.1416
83.2746,85.7725,83.9559,83.737,105.3843,83.737
121.6075,250.821,118.0725,127.5686,121.6075,52.4314
96.7254,94.2275,96.0441,96.263,105.3843,96.263
301.6075,289.179,61.9275,232.4314,301.6075,307.5686
6
5.194e-08,8.0609e-08,5.7716e-08,5.5658e-08,5.3458e-08,5.5658e-08
-91.8573,-105.6749,-102.7731,-102.4578,-102.1075,-102.4578
0,3.1416,3.1416,3.1416,3.1416,3.1416
83.3666,85.7313,84.0329,83.8114,105.182,83.8114
121.1225,250.6259,117.6811,127.0425,121.1225,52.9575
96.6334,94.2687,95.9671,96.1886,105.182,96.1886
301.1225,289.3741,62.3189,232.9575,301.1225,307.0425
6
5.2651e-08,7.9826e-08,5.8451e-08,5.6321e-08,5.4149e-08,5.6321e-08
-91.9753,-105.5901,-102.8831,-102.5607,-102.219,-102.5607
0,3.1416,3.1416,3.1416,3.1416,3.1416
83.4565,85.6894,84.1082,83.8846,104.9838,83.8846
120.6507,250.4269,117.2996,126.5289,120.6507,53.4711
96.5435,94.3106,95.8918,96.1154,104.9838,96.1154
300.6507,289.5731,62.7004,233.4711,300.6507,306.5289
6
5.3365e-08,7.9043e-08,5.9189e-08,5.699e-08,5.4843e-08,5.699e-08
-92.0923,-105.5045,-102.9921,-102.6631,-102.3297,-102.6631
0,3.1416,3.1416,3.1416,3.1416,3.1416
83.5444,85.6466,84.1819,83.9566,104.7897,83.9566
120.1916,250.2239,116.9277,126.0274,120.1916,53.9726
96.4556,94.3534,95.8181,96.0434,104.7897,96.0434
300.1916,289.7761,63.0723,233.9726,300.1916,306.0274
6
5.4082e-08,7.8262e-08,5.993e-08,5.7662e-08,5.5542e-08,5.7662e-08
-92.2083,-105.4182,-103.1,-102.765,-102.4396,-102.765
0,3.1416,3.1416,3.1416,3.1416,3.1416
83.6304,85.6031,84.2541,84.0273,104.5996,84.0273
119.7449,250.0169,116.5651,125.5377,119.7449,54.4623
96.3696,94.3969,95.7459,95.9727,104.5996,95.9727
299.7449,289.9831,63.4349,234.4623,299.7449,305.5377
6
5.4803e-08,7.7481e-08,6.0672e-08,5.8338e-08,5.6244e-08,5.8338e-08
-92.3233,-105.3312,-103.207,-102.8663,-102.5487,-102.8663
0,3.1416,3.1416,3.1416,3.1416,3.1416
83.7145,85.5587,84.3246,84.0968,104.4134,84.0968
119.31,249.8057,116.2114,125.0594,119.31,54.9406
96.2855,94.4413,95.6754,95.9032,104.4134,95.9032
299.31,290.1943,63.7886,234.9406,299.31,305.0594
6
5.5527e-08,7.6702e-08,6.1418e-08,5.9019e-08,5.6949e-08,5.9019e-08
-92.4373,-105.2434,-103.3131,-102.967,-102.657,-102.967
0,3.1416,3.1416,3.1416,3.1416,3.1416
83.7967,85.5135,84.3937,84.1651,104.2311,84.1651
118.8866,249.5901,115.8664,124.5923,118.8866,55.4077
96.2033,94.4865,95.6063,95.8349,104.2311,95.8349
298.8866,290.4099,64.1336,235.4077,298.8866,304.5923
6
5.6254e-08,7.5924e-08,6.2165e-08,5.9703e-08,5.7658e-08,5.9703e-08
-92.5502,-105.1548,-103.4181,-103.0672,-102.7644,-103.0672
0,3.1416,3.1416,3.1416,3.1416,3.1416
83.8772,85.4674,84.4613,84.2322,104.0525,84.2322
118.4742,249.3701,115.5297,124.1359,118.4742,55.8641
96.1228,94.5326,95.5387,95.7678,104.0525,95.7678
298.4742,290.6299,64.4703,235.8641,298.4742,304.1359
6
5.6983e-08,7.5147e-08,6.2914e-08,6.0391e-08,5.837e-08,6.0391e-08
-92.6622,-105.0655,-103.5222,-103.1667,-102.8711,-103.1667
0,3.1416,3.1416,3.1416,3.1416,3.1416
83.9559,85.4204,84.5275,84.2981,103.8775,84.2981
118.0725,249.1455,115.2011,123.6901,118.0725,56.3099
96.0441,94.5796,95.4725,95.7019,103.8775,95.7019
298.0725,290.8545,64.7989,236.3099,298.0725,303.6901
6
5.7716e-08,7.4372e-08,6.3666e-08,6.1083e-08,5.9086e-08,6.1083e-08
-92.7731,-104.9754,-103.6254,-103.2656,-102.9769,-103.2656
0,3.1416,3.1416,3.1416,3.1416,3.1416
84.0329,85.3726,84.5923,84.3629,103.7062,84.3629
117.6811,248.9162,114.8804,123.2544,117.6811,56.7456
95.9671,94.6274,95.4077,95.6371,103.7062,95.6371
297.6811,291.0838,65.1196,236.7456,297.6811,303.2544
6
5.8451e-08,7.3597e-08,6.442e-08,6.1778e-08,5.9804e-08,6.1778e-08
-92.8831,-104.8845,-103.7276,-103.3639,-103.0819,-103.3639
0,3.1416,3.1416,3.1416,3.1416,3.1416
84.1082,85.3238,84.6558,84.4266,103.5384,84.4266
117.2996,248.6821,114.5672,122.8285,117.2996,57.1715
95.8918,94.6762,95.3442,95.5734,103.5384,95.5734
297.2996,291.3179,65.4328,237.1715,297.2996,302.8285
6
5.9189e-08,7.2824e-08,6.5175e-08,6.2477e-08,6.0526e-08,6.2477e-08
-92.9921,-104.7927,-103.8289,-103.4616,-103.186,-103.4616
0,3.1416,3.1416,3.1416,3.1416,3.1416
84.1819,85.274,84.7179,84.4891,103.374,84.4891
116.9277,248.4429,114.2613,122.4123,116.9277,57.5877
95.8181,94.726,95.2821,95.5109,103.374,95.5109
296.9277,291.5571,65.7387,237.5877,296.9277,302.4123
6
5.993e-08,7.2052e-08,6.5933e-08,6.3179e-08,6.125e-08,6.3179e-08
-93.1,-104.7002,-103.9292,-103.5586,-103.2893,-103.5586
0,3.1416,3.1416,3.1416,3.1416,3.1416
84.2541,85.2233,84.7787,84.5505,103.213,84.5505
116.5651,248.1986,113.9625,122.0054,116.5651,57.9946
95.7459,94.7767,95.2213,95.4495,103.213,95.4495
296.5651,291.8014,66.0375,237.9946,296.5651,302.0054
6
6.0672e-08,7.1282e-08,6.6692e-08,6.3884e-08,6.1977e-08,6.3884e-08
-93.207,-104.6068,-104.0287,-103.655,-103.3918,-103.655
0,3.1416,3.1416,3.1416,3.1416,3.1416
84.3246,85.1716,84.8383,84.6108,103.0553,84.6108
116.2114,247.9489,113.6705,121.6075,116.2114,58.3925
95.6754,94.8284,95.1617,95.3892,103.0553,95.3892
296.2114,292.0511,66.3295,238.3925,296.2114,301.6075
6
6.1418e-08,7.0513e-08,6.7453e-08,6.4592e-08,6.2707e-08,6.4592e-08
-93.3131,-104.5126,-104.1272,-103.7508,-103.4935,-103.7508
0,3.1416,3.1416,3.1416,3.1416,3.1416
84.3937,85.1188,84.8967,84.6701,102.9007,84.6701
115.8664,247.6938,113.3852,121.2184,115.8664,58.7816
95.6063,94.8812,95.1033,95.3299,102.9007,95.3299
295.8664,292.3062,66.6148,238.7816,295.8664,301.2184
6
6.2165e-08,6.9746e-08,6.8216e-08,6.5303e-08,6.3439e-08,6.5303e-08
-93.4181,-104.4176,-104.2249,-103.8459,-103.5943,-103.8459
0,3.1416,3.1416,3.1416,3.1416,3.1416
84.4613,85.0649,84.9539,84.7283,102.7493,84.7283
115.5297,247.433,113.1063,120.8378,115.5297,59.1622
95.5387,94.9351,95.0461,95.2717,102.7493,95.2717
295.5297,292.567,66.8937,239.1622,295.5297,300.8378
6
6.2914e-08,6.898e-08,6.898e-08,6.6017e-08,6.4173e-08,6.6017e-08
-93.5222,-104.3217,-104.3217,-103.9403,-103.6943,-103.9403
0,3.1416,3.1416,3.1416,3.1416,3.1416
84.5275,85.01,85.01,84.7854,102.6009,84.7854
115.2011,247.1663,112.8337,120.4655,115.2011,59.5345
95.4725,94.99,94.99,95.2146,102.6009,95.2146
295.2011,292.8337,67.1663,239.5345,295.2011,300.4655
6
6.3666e-08,6.8216e-08,6.9746e-08,6.6734e-08,6.491e-08,6.6734e-08
-93.6254,-104.2249,-104.4176,-104.0341,-103.7935,-104.0341
0,3.1416,3.1416,3.1416,3.1416,3.1416
84.5923,84.9539,85.0649,84.8416,102.4555,84.8416
114.8804,246.8937,112.567,120.1013,114.8804,59.8987
95.4077,95.0461,94.9351,95.1584,102.4555,95.1584
294.8804,293.1063,67.433,239.8987,294.8804,300.1013
6
6.442e-08,6.7453e-08,7.0513e-08,6.7453e-08,6.565e-08,6.7453e-08
-93.7276,-104.1272,-104.5126,-104.1272,-103.8919,-104.1272
0,3.1416,3.1416,3.1416,3.1416,3.1416
84.6558,84.8967,85.1188,84.8967,102.3131,84.8967
114.5672,246.6148,112.3062,119.7449,114.5672,60.2551
95.3442,95.1033,94.8812,95.1033,102.3131,95.1033
294.5672,293.3852,67.6938,240.2551,294.5672,299.7449
6
6.3666e-08,6.8216e-08,6.9746e-08,6.6734e-08,6.491e-08,6.6734e-08
-93.6254,-104.2249,-104.4176,-104.0341,-103.7935,-104.0341
0,3.1416,3.1416,3.1416,3.1416,3.1416
84.5923,84.9539,85.0649,84.8416,102.4555,84.8416
114.8804,246.8937,112.567,120.1013,114.8804,59.8987
95.4077,95.0461,94.9351,95.1584,102.4555,95.1584
294.8804,293.1063,67.433,239.8987,294.8804,300.1013
6
6.2914e-08,6.898e-08,6.898e-08,6.6017e-08,6.4173e-08,6.6017e-08
-93.5222,-104.3217,-104.3217,-103.9403,-103.6943,-103.9403
0,3.1416,3.1416,3.1416,3.1416,3.1416
84.5275,85.01,85.01,84.7854,102.6009,84.7854
115.2011,247.1663,112.8337,120.4655,115.2011,59.5345
95.4725,94.99,94.99,95.2146,102.6009,95.2146
295.2011,292.8337,67.1663,239.5345,295.2011,300.4655
6
6.2165e-08,6.9746e-08,6.8216e-08,6.5303e-08,6.3439e-08,6.5303e-08
-93.4181,-104.4176,-104.2249,-103.8459,-103.5943,-103.8459
0,3.1416,3.1416,3.1416,3.1416,3.1416
84.4613,85.0649,84.9539,84.7283,102.7493,84.7283
115.5297,247.433,113.1063,120.8378,115.5297,59.1622
95.5387,94.9351,95.0461,95.2717,102.7493,95.2717
295.5297,292.567,66.8937,239.1622,295.5297,300.8378
6
6.1418e-08,7.0513e-08,6.7453e-08,6.4592e-08,6.2707e-08,6.4592e-08
-93.3131,-104.5126,-104.1272,-103.7508,-103.4935,-103.7508
0,3.1416,3.1416,3.1416,3.1416,3.1416
84.3937,85.1188,84.8967,84.6701,102.9007,84.6701
115.8664,247.6938,113.3852,121.2184,115.8664,58.7816
95.6063,94.8812,95.1033,95.3299,102.9007,95.3299
295.8664,292.3062,66.6148,238.7816,295.8664,301.2184
6
6.0672e-08,7.1282e-08,6.6692e-08,6.3884e-08,6.1977e-08,6.3884e-08
-93.207,-104.6068,-104.0287,-103.655,-103.3918,-103.655
0,3.1416,3.1416,3.1416,3.1416,3.1416
84.3246,85.1716,84.8383,84.6108,103.0553,84.6108
116.2114,247.9489,113.6705,121.6075,116.2114,58.3925
95.6754,94.8284,95.1617,95.3892,103.0553,95.3892
296.2114,292.0511,66.3295,238.3925,296.2114,301.6075
6
5.993e-08,7.2052e-08,6.5933e-08,6.3179e-08,6.125e-08,6.3179e-08
-93.1,-104.7002,-103.9292,-103.5586,-103.2893,-103.5586
0,3.1416,3.1416,3.1416,3.1416,3.1416
84.2541,85.2233,84.7787,84.5505,103.213,84.5505
116.5651,248.1986,113.9625,122.0054,116.5651,57.9946
95.7459,94.7767,95.2213,95.4495,103.213,95.4495
296.5651,291.8014,66.0375,237.9946,296.5651,302.0054
6
5.9189e-08,7.2824e-08,6.5175e-08,6.2477e-08,6.0526e-08,6.2477e-08
-92.9921,-104.7927,-103.8289,-103.4616,-103.186,-103.4616
0,3.1416,3.1416,3.1416,3.1416,3.1416
84.1819,85.274,84.7179,84.4891,103.374,84.4891
116.9277,248.4429,114.2613,122.4123,116.9277,57.5877
95.8181,94.726,95.2821,95.5109,103.374,95.5109
296.9277,291.5571,65.7387,237.5877,296.9277,302.4123
6
5.8451e-08,7.3597e-08,6.442e-08,6.1778e-08,5.9804e-08,6.1778e-08
-92.8831,-104.8845,-103.7276,-103.3639,-103.0819,-103.3639
0,3.1416,3.1416,3.1416,3.1416,3.1416
84.1082,85.3238,84.6558,84.4266,103.5384,84.4266
117.2996,248.6821,114.5672,122.8285,117.2996,57.1715
95.8918,94.6762,95.3442,95.5734,103.5384,95.5734
297.2996,291.3179,65.4328,237.1715,297.2996,302.8285
6
5.7716e-08,7.4372e-08,6.3666e-08,6.1083e-08,5.9086e-08,6.1083e-08
-92.7731,-104.9754,-103.6254,-103.2656,-102.9769,-103.2656
0,3.1416,3.1416,3.1416,3.1416,3.1416
84.0329,85.3726,84.5923,84.3629,103.7062,84.3629
117.6811,248.9162,114.8804,123.2544,117.6811,56.7456
95.9671,94.6274,95.4077,95.6371,103.7062,95.6371
297.6811,291.0838,65.1196,236.7456,297.6811,303.2544
6
5.6983e-08,7.5147e-08,6.2914e-08,6.0391e-08,5.837e-08,6.0391e-08
-92.6622,-105.0655,-103.5222,-103.1667,-102.8711,-103.1667
0,3.1416,3.1416,3.1416,3.1416,3.1416
83.9559,85.4204,84.5275,84.2981,103.8775,84.2981
118.0725,249.1455,115.2011,123.6901,118.0725,56.3099
96.0441,94.5796,95.4725,95.7019,103.8775,95.7019
298.0725,290.8545,64.7989,236.3099,298.0725,303.6901
6
5.6254e-08,7.5924e-08,6.2165e-08,5.9703e-08,5.7658e-08,5.9703e-08
-92.5502,-105.1548,-103.4181,-103.0672,-102.7644,-103.0672
0,3.1416,3.1416,3.1416,3.1416,3.1416
83.8772,85.4674,84.4613,84.2322,104.0525,84.2322
118.4742,249.3701,115.5297,124.1359,118.4742,55.8641
96.1228,94.5326,95.5387,95.7678,104.0525,95.7678
298.4742,290.6299,64.4703,235.8641,298.4742,304.1359
6
5.5527e-08,7.6702e-08,6.1418e-08,5.9019e-08,5.6949e-08,5.9019e-08
-92.4373,-105.2434,-103.3131,-102.967,-102.657,-102.967
0,3.1416,3.1416,3.1416,3.1416,3.1416
83.7967,85.5135,84.3937,84.1651,104.2311,84.1651
118.8866,249.5901,115.8664,124.5923,118.8866,55.4077
96.2033,94.4865,95.6063,95.8349,104.2311,95.8349
298.8866,290.4099,64.1336,235.4077,298.8866,304.5923
6
5.4803e-08,7.7481e-08,6.0672e-08,5.8338e-08,5.6244e-08,5.8338e-08
-92.3233,-105.3312,-103.207,-102.8663,-102.5487,-102.8663
0,3.1416,3.1416,3.1416,3.1416,3.1416
83.7145,85.5587,84.3246,84.0968,104.4134,84.0968
119.31,249.8057,116.2114,125.0594,119.31,54.9406
96.2855,94.4413,95.6754,95.9032,104.4134,95.9032
299.31,290.1943,63.7886,234.9406,299.31,305.0594
6
5.4082e-08,7.8262e-08,5.993e-08,5.7662e-08,5.5542e-08,5.7662e-08
-92.2083,-105.4182,-103.1,-102.765,-102.4396,-102.765
0,3.1416,3.1416,3.1416,3.1416,3.1416
83.6304,85.6031,84.2541,84.0273,104.5996,84.0273
119.7449,250.0169,116.5651,125.5377,119.7449,54.4623
96.3696,94.3969,95.7459,95.9727,104.5996,95.9727
299.7449,289.9831,63.4349,234.4623,299.7449,305.5377
6
5.3365e-08,7.9043e-08,5.9189e-08,5.699e-08,5.4843e-08,5.699e-08
-92.0923,-105.5045,-102.9921,-102.6631,-102.3297,-102.6631
0,3.1416,3.1416,3.1416,3.1416,3.1416
83.5444,85.6466,84.1819,83.9566,104.7897,83.9566
120.1916,250.2239,116.9277,126.0274,120.1916,53.9726
96.4556,94.3534,95.8181,96.0434,104.7897,96.0434
300.1916,289.7761,63.0723,233.9726,300.1916,306.0274
6
5.2651e-08,7.9826e-08,5.8451e-08,5.6321e-08,5.4149e-08,5.6321e-08
-91.9753,-105.5901,-102.8831,-102.5607,-102.219,-102.5607
0,3.1416,3.1416,3.1416,3.1416,3.1416
83.4565,85.6894,84.1082,83.8846,104.9838,83.8846
120.6507,250.4269,117.2996,126.5289,120.6507,53.4711
96.5435,94.3106,95.8918,96.1154,104.9838,96.1154
300.6507,289.5731,62.7004,233.4711,300.6507,306.5289
6
5.194e-08,8.0609e-08,5.7716e-08,5.5658e-08,5.3458e-08,5.5658e-08
-91.8573,-105.6749,-102.7731,-102.4578,-102.1075,-102.4578
0,3.1416,3.1416,3.1416,3.1416,3.1416
83.3666,85.7313,84.0329,83.8114,105.182,83.8114
121.1225,250.6259,117.6811,127.0425,121.1225,52.9575
96.6334,94.2687,95.9671,96.1886,105.182,96.1886
301.1225,289.3741,62.3189,232.9575,301.1225,307.0425
6
5.1234e-08,8.1393e-08,5.6983e-08,5.4999e-08,5.2772e-08,5.4999e-08
-91.7383,-105.759,-102.6622,-102.3543,-101.9953,-102.3543
0,3.1416,3.1416,3.1416,3.1416,3.1416
83.2746,85.7725,83.9559,83.737,105.3843,83.737
121.6075,250.821,118.0725,127.5686,121.6075,52.4314
96.7254,94.2275,96.0441,96.263,105.3843,96.263
301.6075,289.179,61.9275,232.4314,301.6075,307.5686
6
5.0531e-08,8.2179e-08,5.6254e-08,5.4345e-08,5.209e-08,5.4345e-08
-91.6183,-105.8424,-102.5502,-102.2504,-101.8823,-102.2504
0,3.1416,3.1416,3.1416,3.1416,3.1416
83.1806,85.813,83.8772,83.6613,105.5908,83.6613
122.1063,251.0124,118.4742,128.1076,122.1063,51.8924
96.8194,94.187,96.1228,96.3387,105.5908,96.3387
302.1063,288.9876,61.5258,231.8924,302.1063,308.1076
6
4.9832e-08,8.2965e-08,5.5527e-08,5.3696e-08,5.1412e-08,5.3696e-08
-91.4974,-105.9251,-102.4373,-102.146,-101.7686,-102.146
0,3.1416,3.1416,3.1416,3.1416,3.1416
83.0845,85.8528,83.7967,83.5843,105.8017,83.5843
122.6192,251.2001,118.8866,128.6598,122.6192,51.3402
96.9155,94.1472,96.2033,96.4157,105.8017,96.4157
302.6192,288.7999,61.1134,231.3402,302.6192,308.6598
6
4.9137e-08,8.3752e-08,5.4803e-08,5.3052e-08,5.0739e-08,5.3052e-08
-91.3754,-106.0072,-102.3233,-102.0412,-101.6541,-102.0412
0,3.1416,3.1416,3.1416,3.1416,3.1416
82.9863,85.8918,83.7145,83.5061,106.0169,83.5061
123.147,251.3843,119.31,129.2257,123.147,50.7743
97.0137,94.1082,96.2855,96.4939,106.0169,96.4939
303.147,288.6157,60.69,230.7743,303.147,309.2257
6
4.8447e-08,8.4541e-08,5.4082e-08,5.2413e-08,5.0071e-08,5.2413e-08
-91.2526,-106.0885,-102.2083,-101.936,-101.539,-101.936
0,3.1416,3.1416,3.1416,3.1416,3.1416
82.8858,85.9302,83.6304,83.4266,106.2365,83.4266
123.6901,251.5651,119.7449,129.8056,123.6901,50.1944
97.1142,94.0698,96.3696,96.5734,106.2365,96.5734
303.6901,288.4349,60.2551,230.1944,303.6901,309.8056
6
4.7761e-08,8.533e-08,5.3365e-08,5.178e-08,4.9408e-08,5.178e-08
-91.1287,-106.1692,-102.0923,-101.8304,-101.4231,-101.8304
0,3.1416,3.1416,3.1416,3.1416,3.1416
82.7832,85.9679,83.5444,83.3459,106.4606,83.3459
124.249,251.7424,120.1916,130.3999,124.249,49.6001
97.2168,94.0321,96.4556,96.6541,106.4606,96.6541
304.249,288.2576,59.8084,229.6001,304.249,310.3999
6
4.708e-08,8.6119e-08,5.2651e-08,5.1152e-08,4.875e-08,5.1152e-08
-91.004,-106.2492,-101.9753,-101.7245,-101.3067,-101.7245
0,3.1416,3.1416,3.1416,3.1416,3.1416
82.6782,86.0049,83.4565,83.2639,106.6892,83.2639
124.8245,251.9166,120.6507,131.0091,124.8245,48.9909
97.3218,93.9951,96.5435,96.7361,106.6892,96.7361
304.8245,288.0834,59.3493,228.9909,304.8245,311.0091
6
4.6404e-08,8.691e-08,5.194e-08,5.0531e-08,4.8097e-08,5.0531e-08
-90.8784,-106.3286,-101.8573,-101.6183,-101.1897,-101.6183
0,3.1416,3.1416,3.1416,3.1416,3.1416
82.571,86.0413,83.3666,83.1806,106.9224,83.1806
125.4171,252.0875,121.1225,131.6335,125.4171,48.3665
97.429,93.9587,96.6334,96.8194,106.9224,96.8194
305.4171,287.9125,58.8775,228.3665,305.4171,311.6335
6
4.5734e-08,8.7702e-08,5.1234e-08,4.9915e-08,4.7451e-08,4.9915e-08
-90.7519,-106.4074,-101.7383,-101.5119,-101.072,-101.5119
0,3.1416,3.1416,3.1416,3.1416,3.1416
82.4614,86.0771,83.2746,83.0962,107.1602,83.0962
126.0274,252.2553,121.6075,132.2737,126.0274,47.7263
97.5386,93.9229,96.7254,96.9038,107.1602,96.9038
306.0274,287.7447,58.3925,227.7263,306.0274,312.2737
6
4.5068e-08,8.8494e-08,5.0531e-08,4.9307e-08,4.681e-08,4.9307e-08
-90.6246,-106.4855,-101.6183,-101.4053,-100.9539,-101.4053
0,3.1416,3.1416,3.1416,3.1416,3.1416
82.3494,86.1123,83.1806,83.0105,107.4026,83.0105
126.6561,252.4201,122.1063,132.93,126.6561,47.07
97.6506,93.8877,96.8194,96.9895,107.4026,96.9895
306.6561,287.5799,57.8937,227.07,306.6561,312.93
6
4.4408e-08,8.9287e-08,4.9832e-08,4.8704e-08,4.6175e-08,4.8704e-08
-90.4965,-106.563,-101.4974,-101.2986,-100.8353,-101.2986
0,3.1416,3.1416,3.1416,3.1416,3.1416
82.2351,86.1469,83.0845,82.9236,107.6496,82.9236
127.3039,252.582,122.6192,133.6028,127.3039,46.3972
97.7649,93.8531,96.9155,97.0764,107.6496,97.0764
307.3039,287.418,57.3808,226.3972,307.3039,313.6028
6
4.3755e-08,9.008e-08,4.9137e-08,4.8109e-08,4.5546e-08,4.8109e-08
-90.3677,-106.6398,-101.3754,-101.1917,-100.7163,-101.1917
0,3.1416,3.1416,3.1416,3.1416,3.1416
82.1183,86.1809,82.9863,82.8356,107.9013,82.8356
127.9716,252.741,123.147,134.2927,127.9716,45.7073
97.8817,93.8191,97.0137,97.1644,107.9013,97.1644
307.9716,287.259,56.853,225.7073,307.9716,314.2927
6
4.3107e-08,9.0875e-08,4.8447e-08,4.7521e-08,4.4925e-08,4.7521e-08
-90.2382,-106.7161,-101.2526,-101.0849,-100.5969,-101.0849
0,3.1416,3.1416,3.1416,3.1416,3.1416
81.9991,86.2143,82.8858,82.7464,108.1577,82.7464
128.6598,252.8973,123.6901,135,128.6598,45
98.0009,93.7857,97.1142,97.2536,108.1577,97.2536
308.6598,287.1027,56.3099,225,308.6598,315
