6
8.96908e-09,9.56847e-09,1.16619e-08,1.55063e-08,5.69834e-08,3.77477e-08
-76.6022,-87.1641,-88.8826,-91.3574,-102.662,-99.085
0,3.14159,3.14159,3.14159,3.14159,3.14159
131.987,128.834,120.964,154.537,96.0441,99.146
0,333.435,180,0,0,79.6952
48.0128,51.1665,59.0362,154.537,83.9559,80.854
180,206.565,180,180,0,100.305
6
9.21954e-09,9.80363e-09,1.1949e-08,1.56525e-08,5.6652e-08,3.7808e-08
-76.8414,-87.375,-89.0938,-91.4389,-102.612,-99.0989
0,3.14159,3.14159,3.14159,3.14159,3.14159
130.601,127.736,120.141,153.435,96.0796,99.1313
0,334.537,180,0,0,79.1918
49.3987,52.2644,59.8586,153.435,83.9204,80.8687
180,205.463,180,180,0,100.808
6
9.47511e-09,1.00443e-08,1.22384e-08,1.58044e-08,5.63205e-08,3.78711e-08
-77.0789,-87.5857,-89.3017,-91.5228,-102.561,-99.1134
0,3.14159,3.14159,3.14159,3.14159,3.14159
129.289,126.68,119.358,152.354,96.1155,99.1159
0,335.556,180,0,0,78.6901
50.7106,53.3196,60.6422,152.354,83.8845,80.8841
180,204.444,180,180,0,101.31
6
9.73539e-09,1.02902e-08,1.253e-08,1.59618e-08,5.59891e-08,3.79371e-08
-77.3143,-87.7957,-89.5062,-91.6088,-102.509,-99.1285
0,3.14159,3.14159,3.14159,3.14159,3.14159
128.047,125.667,118.61,151.294,96.1518,99.0999
0,336.501,180,0,0,78.1901
51.953,54.3327,61.3895,151.294,83.8482,80.9001
180,203.499,180,180,0,101.81
6
1e-08,1.05409e-08,1.28236e-08,1.61245e-08,5.56577e-08,3.80058e-08
-77.5472,-88.0048,-89.7074,-91.697,-102.458,-99.1442
0,3.14159,3.14159,3.14159,3.14159,3.14159
126.87,124.695,117.897,150.255,96.1886,99.0833
0,337.38,180,0,0,77.692
53.1301,55.3048,62.1027,150.255,83.8114,80.9167
180,202.62,180,180,0,102.308
6
1.02686e-08,1.07961e-08,1.31191e-08,1.62925e-08,5.53263e-08,3.80774e-08
-77.7775,-88.2126,-89.9053,-91.787,-102.406,-99.1606
0,3.14159,3.14159,3.14159,3.14159,3.14159
125.754,123.763,117.216,149.237,96.2258,99.0661
0,338.199,180,0,0,77.1957
54.2461,56.2371,62.7839,149.237,83.7742,80.9339
180,201.801,180,180,0,102.804
6
1.05409e-08,1.10554e-08,1.34164e-08,1.64655e-08,5.49949e-08,3.81517e-08
-78.0048,-88.4187,-90.0999,-91.8787,-102.354,-99.1775
0,3.14159,3.14159,3.14159,3.14159,3.14159
124.695,122.869,116.565,148.241,96.2635,99.0483
0,338.962,180,0,0,76.7014
55.3048,57.131,63.4349,148.241,83.7365,80.9517
180,201.038,180,180,0,103.299
6
1.08167e-08,1.13186e-08,1.37154e-08,1.66433e-08,5.46636e-08,3.82288e-08
-78.2291,-88.6231,-90.2914,-91.972,-102.301,-99.195
0,3.14159,3.14159,3.14159,3.14159,3.14159
123.69,122.012,115.942,147.265,96.3016,99.0299
0,339.677,180,0,0,76.2091
56.3099,57.9878,64.0577,147.265,83.6984,80.9701
180,200.323,180,180,0,103.791
6
1.10955e-08,1.15854e-08,1.40159e-08,1.68259e-08,5.43323e-08,3.83087e-08
-78.4502,-88.8255,-90.4796,-92.0668,-102.248,-99.2132
0,3.14159,3.14159,3.14159,3.14159,3.14159
122.735,121.191,115.346,146.31,96.3402,99.0109
0,340.346,180,0,0,75.7189
57.2648,58.8091,64.6538,146.31,83.6598,80.9891
180,199.654,180,180,0,104.281
6
1.13774e-08,1.18556e-08,1.43178e-08,1.70131e-08,5.4001e-08,3.83913e-08
-78.6681,-89.0257,-90.6648,-92.1629,-102.195,-99.2319
0,3.14159,3.14159,3.14159,3.14159,3.14159
121.827,120.404,114.775,145.376,96.3792,98.9914
0,340.974,180,0,0,75.2308
58.1726,59.5963,65.2249,145.376,83.6208,81.0086
180,199.026,180,180,0,104.769
6
1.16619e-08,1.21289e-08,1.46211e-08,1.72047e-08,5.36698e-08,3.84765e-08
-78.8826,-89.2237,-90.8468,-92.2601,-102.142,-99.2511
0,3.14159,3.14159,3.14159,3.14159,3.14159
120.964,119.649,114.228,144.462,96.4188,98.9713
0,341.565,180,0,0,74.7449
59.0362,60.351,65.7723,144.462,83.5812,81.0287
180,198.435,180,180,0,105.255
6
1.1949e-08,1.24052e-08,1.49257e-08,1.74005e-08,5.33385e-08,3.85645e-08
-79.0938,-89.4193,-91.0259,-92.3585,-102.088,-99.271
0,3.14159,3.14159,3.14159,3.14159,3.14159
120.141,118.925,113.703,143.569,96.4588,98.9506
0,342.121,180,0,0,74.2612
59.8586,61.0747,66.2974,143.569,83.5412,81.0494
180,197.879,180,180,0,105.739
6
1.22384e-08,1.26842e-08,1.52315e-08,1.76005e-08,5.30073e-08,3.86552e-08
-79.3017,-89.6125,-91.2021,-92.4577,-102.034,-99.2914
0,3.14159,3.14159,3.14159,3.14159,3.14159
119.358,118.231,113.199,142.696,96.4993,98.9295
0,342.646,180,0,0,73.7798
60.6422,61.7689,66.8014,142.696,83.5007,81.0705
180,197.354,180,180,0,106.22
6
1.253e-08,1.29658e-08,1.55385e-08,1.78045e-08,5.26762e-08,3.87485e-08
-79.5062,-89.8032,-91.3754,-92.5578,-101.98,-99.3123
0,3.14159,3.14159,3.14159,3.14159,3.14159
118.61,117.565,112.714,141.843,96.5404,98.9078
0,343.142,180,0,0,73.3008
61.3895,62.4348,67.2856,141.843,83.4596,81.0922
180,196.858,180,180,0,106.699
6
1.28236e-08,1.32497e-08,1.58465e-08,1.80123e-08,5.2345e-08,3.88444e-08
-79.7074,-89.9914,-91.5459,-92.6586,-101.925,-99.3338
0,3.14159,3.14159,3.14159,3.14159,3.14159
117.897,116.926,112.249,141.009,96.5819,98.8856
0,343.61,180,0,0,72.8241
62.1027,63.074,67.751,141.009,83.4181,81.1144
180,196.39,180,180,0,107.176
6
1.31191e-08,1.3536e-08,1.61555e-08,1.82239e-08,5.20139e-08,3.8943e-08
-79.9053,-90.177,-91.7136,-92.7601,-101.87,-99.3558
0,3.14159,3.14159,3.14159,3.14159,3.14159
117.216,116.312,111.801,140.194,96.624,98.8629
0,344.055,180,0,0,72.3499
62.7839,63.6877,68.1986,140.194,83.376,81.1371
180,195.945,180,180,0,107.65
6
1.34164e-08,1.38243e-08,1.64655e-08,1.84391e-08,5.16828e-08,3.90441e-08
-80.0999,-90.3601,-91.8787,-92.862,-101.814,-99.3783
0,3.14159,3.14159,3.14159,3.14159,3.14159
116.565,115.723,111.371,139.399,96.6667,98.8398
0,344.476,180,0,0,71.8781
63.4349,64.2771,68.6294,139.399,83.3333,81.1602
180,195.524,180,180,0,108.122
6
1.37154e-08,1.41146e-08,1.67763e-08,1.86577e-08,5.13517e-08,3.91479e-08
-80.2914,-90.5406,-92.0411,-92.9644,-101.758,-99.4014
0,3.14159,3.14159,3.14159,3.14159,3.14159
115.942,115.156,110.956,138.621,96.7098,98.8162
0,344.876,180,0,0,71.4089
64.0577,64.8435,69.0442,138.621,83.2902,81.1838
180,195.124,180,180,0,108.591
6
1.40159e-08,1.44068e-08,1.7088e-08,1.88797e-08,5.10207e-08,3.92542e-08
-80.4796,-90.7186,-92.2011,-93.0671,-101.702,-99.4249
0,3.14159,3.14159,3.14159,3.14159,3.14159
115.346,114.612,110.556,137.862,96.7536,98.7921
0,345.256,180,0,0,70.9423
64.6538,65.3881,69.444,137.862,83.2464,81.2079
180,194.744,180,180,0,109.058
6
1.43178e-08,1.47007e-08,1.74005e-08,1.9105e-08,5.06897e-08,3.9363e-08
-80.6648,-90.894,-92.3585,-93.1702,-101.646,-99.449
0,3.14159,3.14159,3.14159,3.14159,3.14159
114.775,114.088,110.171,137.121,96.7979,98.7676
0,345.619,180,0,0,70.4783
65.2249,65.9117,69.8293,137.121,83.2021,81.2324
180,194.381,180,180,0,109.522
6
1.46211e-08,1.49963e-08,1.77138e-08,1.93333e-08,5.03587e-08,3.94743e-08
-80.8468,-91.0669,-92.5134,-93.2734,-101.589,-99.4735
0,3.14159,3.14159,3.14159,3.14159,3.14159
114.228,113.584,109.799,136.397,96.8428,98.7427
0,345.964,180,0,0,70.0169
65.7723,66.4156,70.2011,136.397,83.1572,81.2573
180,194.036,180,180,0,109.983
6
1.49257e-08,1.52934e-08,1.80278e-08,1.95647e-08,5.00278e-08,3.95882e-08
-81.0259,-91.2373,-92.6661,-93.3767,-101.531,-99.4985
0,3.14159,3.14159,3.14159,3.14159,3.14159
113.703,113.099,109.44,135.69,96.8883,98.7174
0,346.293,180,0,0,69.5582
66.2974,66.9007,70.56,135.69,83.1117,81.2826
180,193.707,180,180,0,110.442
6
1.52315e-08,1.5592e-08,1.83424e-08,1.9799e-08,4.96969e-08,3.97045e-08
-81.2021,-91.4053,-92.8164,-93.4801,-101.474,-99.524
0,3.14159,3.14159,3.14159,3.14159,3.14159
113.199,112.632,109.093,135,96.9343,98.6916
0,346.608,180,0,0,69.1022
66.8014,67.3679,70.9065,135,83.0657,81.3084
180,193.392,180,180,0,110.898
6
1.55385e-08,1.5892e-08,1.86577e-08,2.00361e-08,4.9366e-08,3.98232e-08
-81.3754,-91.5708,-92.9644,-93.5835,-101.416,-99.5499
0,3.14159,3.14159,3.14159,3.14159,3.14159
112.714,112.182,108.759,134.326,96.9811,98.6655
0,346.908,180,0,0,68.649
67.2856,67.8181,71.2413,134.326,83.0189,81.3345
180,193.092,180,180,0,111.351
6
1.58465e-08,1.61933e-08,1.89737e-08,2.02759e-08,4.90351e-08,3.99444e-08
-81.5459,-91.7339,-93.1102,-93.6868,-101.357,-99.5763
0,3.14159,3.14159,3.14159,3.14159,3.14159
112.249,111.748,108.435,133.668,97.0284,98.639
0,347.196,180,0,0,68.1986
67.751,68.2521,71.5651,133.668,82.9716,81.361
180,192.804,180,180,0,111.801
6
1.61555e-08,1.64958e-08,1.92902e-08,2.05183e-08,4.87043e-08,4.0068e-08
-81.7136,-91.8947,-93.2539,-93.79,-101.299,-99.6032
0,3.14159,3.14159,3.14159,3.14159,3.14159
111.801,111.329,108.122,133.025,97.0764,98.6122
0,347.471,180,0,0,67.751
68.1986,68.6706,71.8781,133.025,82.9236,81.3878
180,192.529,180,180,0,112.249
6
1.64655e-08,1.67995e-08,1.96073e-08,2.07632e-08,4.83735e-08,4.0194e-08
-81.8787,-92.0531,-93.3956,-93.8931,-101.239,-99.6304
0,3.14159,3.14159,3.14159,3.14159,3.14159
111.371,110.926,107.819,132.397,97.125,98.585
0,347.735,180,0,0,67.3062
68.6294,69.0745,72.1811,132.397,82.875,81.415
180,192.265,180,180,0,112.694
6
1.67763e-08,1.71043e-08,1.99249e-08,2.10106e-08,4.80428e-08,4.03223e-08
-82.0411,-92.2093,-93.5351,-93.996,-101.18,-99.6581
0,3.14159,3.14159,3.14159,3.14159,3.14159
110.956,110.536,107.526,131.785,97.1743,98.5574
0,347.989,180,0,0,66.8643
69.0442,69.4644,72.4744,131.785,82.8257,81.4426
180,192.011,180,180,0,113.136
6
1.7088e-08,1.74101e-08,2.0243e-08,2.12603e-08,4.77121e-08,4.0453e-08
-82.2011,-92.3632,-93.6727,-94.0986,-101.12,-99.6862
0,3.14159,3.14159,3.14159,3.14159,3.14159
110.556,110.159,107.241,131.186,97.2243,98.5296
0,348.232,180,0,0,66.4253
69.444,69.8409,72.7585,131.186,82.7757,81.4704
180,191.768,180,180,0,113.575
6
1.74005e-08,1.77169e-08,2.05616e-08,2.15123e-08,4.73814e-08,4.0586e-08
-82.3585,-92.515,-93.8083,-94.2009,-101.059,-99.7147
0,3.14159,3.14159,3.14159,3.14159,3.14159
110.171,109.795,106.966,130.601,97.275,98.5014
0,348.465,180,0,0,65.9892
69.8293,70.2048,73.0339,130.601,82.725,81.4986
180,191.535,180,180,0,114.011
6
1.77138e-08,1.80247e-08,2.08806e-08,2.17664e-08,4.70508e-08,4.07213e-08
-82.5134,-92.6646,-93.9421,-94.303,-100.999,-99.7436
0,3.14159,3.14159,3.14159,3.14159,3.14159
109.799,109.443,106.699,130.03,97.3264,98.473
0,348.69,180,0,0,65.556
70.2011,70.5565,73.3008,130.03,82.6736,81.527
180,191.31,180,180,0,114.444
6
1.80278e-08,1.83333e-08,2.12001e-08,2.20227e-08,4.67202e-08,4.08588e-08
-82.6661,-92.8121,-94.074,-94.4046,-100.937,-99.7729
0,3.14159,3.14159,3.14159,3.14159,3.14159
109.44,109.103,106.44,129.472,97.3785,98.4443
0,348.906,180,0,0,65.1258
70.56,70.8967,73.5596,129.472,82.6215,81.5557
180,191.094,180,180,0,114.874
6
1.83424e-08,1.86428e-08,2.152e-08,2.2281e-08,4.63897e-08,4.09986e-08
-82.8164,-92.9575,-94.2041,-94.5059,-100.876,-99.8026
0,3.14159,3.14159,3.14159,3.14159,3.14159
109.093,108.774,106.189,128.928,97.4314,98.4152
0,349.114,180,0,0,64.6986
70.9065,71.2258,73.8108,128.928,82.5686,81.5848
180,190.886,180,180,0,115.301
6
1.86577e-08,1.89532e-08,2.18403e-08,2.25413e-08,4.60591e-08,4.11407e-08
-82.9644,-93.1009,-94.3324,-94.6068,-100.814,-99.8327
0,3.14159,3.14159,3.14159,3.14159,3.14159
108.759,108.456,105.945,128.395,97.485,98.386
0,349.315,180,0,0,64.2744
71.2413,71.5444,74.0546,128.395,82.515,81.614
180,190.685,180,180,0,115.726
6
1.89737e-08,1.92642e-08,2.2161e-08,2.28035e-08,4.57287e-08,4.12849e-08
-83.1102,-93.2423,-94.459,-94.7073,-100.751,-99.8631
0,3.14159,3.14159,3.14159,3.14159,3.14159
108.435,108.147,105.709,127.875,97.5394,98.3565
0,349.509,180,0,0,63.8532
71.5651,71.8529,74.2914,127.875,82.4606,81.6435
180,190.491,180,180,0,116.147
6
1.92902e-08,1.95761e-08,2.24821e-08,2.30675e-08,4.53982e-08,4.14313e-08
-83.2539,-93.3817,-94.584,-94.8072,-100.688,-99.8938
0,3.14159,3.14159,3.14159,3.14159,3.14159
108.122,107.848,105.479,127.367,97.5946,98.3267
0,349.695,180,0,0,63.4349
71.8781,72.1518,74.5214,127.367,82.4054,81.6733
180,190.305,180,180,0,116.565
6
1.96073e-08,1.98886e-08,2.28035e-08,2.33333e-08,4.50679e-08,4.15799e-08
-83.3956,-93.5193,-94.7073,-94.9068,-100.625,-99.9249
0,3.14159,3.14159,3.14159,3.14159,3.14159
107.819,107.559,105.255,126.87,97.6507,98.2968
0,349.875,180,0,0,63.0198
72.1811,72.4414,74.7449,126.87,82.3493,81.7032
180,190.125,180,180,0,116.98
6
1.99249e-08,2.02018e-08,2.31253e-08,2.36008e-08,4.47375e-08,4.17306e-08
-83.5351,-93.655,-94.829,-95.0058,-100.561,-99.9563
0,3.14159,3.14159,3.14159,3.14159,3.14159
107.526,107.278,105.038,126.384,97.7075,98.2666
0,350.049,180,0,0,62.6076
72.4744,72.7223,74.9622,126.384,82.2925,81.7334
180,189.951,180,180,0,117.392
6
2.0243e-08,2.05156e-08,2.34473e-08,2.387e-08,4.44072e-08,4.18834e-08
-83.6727,-93.7889,-94.9491,-95.1043,-100.496,-99.9881
0,3.14159,3.14159,3.14159,3.14159,3.14159
107.241,107.005,104.826,125.91,97.7652,98.2362
0,350.218,180,0,0,62.1985
72.7585,72.9947,75.1735,125.91,82.2348,81.7638
180,189.782,180,180,0,117.801
6
2.05616e-08,2.083e-08,2.37697e-08,2.41408e-08,4.4077e-08,4.20383e-08
-83.8083,-93.921,-95.0677,-95.2023,-100.431,-100.02
0,3.14159,3.14159,3.14159,3.14159,3.14159
106.966,106.741,104.621,125.446,97.8237,98.2057
0,350.38,180,0,0,61.7925
73.0339,73.259,75.3791,125.446,82.1763,81.7943
180,189.62,180,180,0,118.207
6
2.08806e-08,2.1145e-08,2.40924e-08,2.44131e-08,4.37467e-08,4.21953e-08
-83.9421,-94.0514,-95.1848,-95.2997,-100.366,-100.053
0,3.14159,3.14159,3.14159,3.14159,3.14159
106.699,106.484,104.421,124.992,97.8831,98.1749
0,350.538,180,0,0,61.3895
73.3008,73.5156,75.5792,124.992,82.1169,81.8251
180,189.462,180,180,0,118.61
6
2.12001e-08,2.14606e-08,2.44154e-08,2.46869e-08,4.34166e-08,4.23543e-08
-84.074,-94.18,-95.3005,-95.3966,-100.3,-100.085
0,3.14159,3.14159,3.14159,3.14159,3.14159
106.44,106.235,104.226,124.548,97.9435,98.144
0,350.69,180,0,0,60.9896
73.5596,73.7647,75.774,124.548,82.0565,81.856
180,189.31,180,180,0,119.01
6
2.152e-08,2.17766e-08,2.47386e-08,2.49622e-08,4.30865e-08,4.25154e-08
-84.2041,-94.307,-95.4147,-95.4929,-100.234,-100.118
0,3.14159,3.14159,3.14159,3.14159,3.14159
106.189,105.993,104.036,124.114,98.0047,98.113
0,350.838,180,0,0,60.5928
73.8108,74.0067,75.9638,124.114,81.9953,81.887
180,189.162,180,180,0,119.407
6
2.18403e-08,2.20932e-08,2.50621e-08,2.52389e-08,4.27564e-08,4.26784e-08
-84.3324,-94.4324,-95.5276,-95.5886,-100.167,-100.151
0,3.14159,3.14159,3.14159,3.14159,3.14159
105.945,105.758,103.851,123.69,98.0669,98.0818
0,350.981,180,0,0,60.1991
74.0546,74.2419,76.1486,123.69,81.9331,81.9182
180,189.019,180,180,0,119.801
6
2.2161e-08,2.24103e-08,2.53859e-08,2.55169e-08,4.24264e-08,4.28434e-08
-84.459,-94.5562,-95.6391,-95.6838,-100.1,-100.185
0,3.14159,3.14159,3.14159,3.14159,3.14159
105.709,105.529,103.671,123.275,98.1301,98.0504
0,351.119,180,0,0,59.8084
74.2914,74.4705,76.3287,123.275,81.8699,81.9496
180,188.881,180,180,0,120.192
6
2.24821e-08,2.27279e-08,2.57099e-08,2.57962e-08,4.20965e-08,4.30103e-08
-84.584,-94.6784,-95.7492,-95.7783,-100.032,-100.219
0,3.14159,3.14159,3.14159,3.14159,3.14159
105.479,105.307,103.496,122.869,98.1943,98.019
0,351.254,180,0,0,59.4208
74.5214,74.6929,76.5043,122.869,81.8057,81.981
180,188.746,180,180,0,120.579
6
2.28035e-08,2.30458e-08,2.60342e-08,2.60768e-08,4.17665e-08,4.31792e-08
-84.7073,-94.7991,-95.8581,-95.8723,-99.9638,-100.253
0,3.14159,3.14159,3.14159,3.14159,3.14159
105.255,105.091,103.325,122.471,98.2594,97.9874
0,351.384,180,0,0,59.0362
74.7449,74.9091,76.6755,122.471,81.7406,82.0126
180,188.616,180,180,0,120.964
6
2.31253e-08,2.33643e-08,2.63586e-08,2.63586e-08,4.14367e-08,4.335e-08
-84.829,-94.9183,-95.9657,-95.9657,-99.8949,-100.287
0,3.14159,3.14159,3.14159,3.14159,3.14159
105.038,104.88,103.158,122.082,98.3257,97.9558
0,351.511,180,0,0,58.6548
74.9622,75.1196,76.8425,122.082,81.6743,82.0442
180,188.489,180,180,0,121.345
6
2.34473e-08,2.36831e-08,2.66833e-08,2.66417e-08,4.11069e-08,4.35227e-08
-84.9491,-95.036,-96.072,-96.0584,-99.8255,-100.322
0,3.14159,3.14159,3.14159,3.14159,3.14159
104.826,104.676,102.995,121.701,98.3929,97.924
0,351.634,180,0,0,58.2764
75.1735,75.3244,77.0054,121.701,81.6071,82.076
180,188.366,180,180,0,121.724
6
2.37697e-08,2.40023e-08,2.70082e-08,2.69258e-08,4.07772e-08,4.36972e-08
-85.0677,-95.1523,-96.1771,-96.1506,-99.7556,-100.356
0,3.14159,3.14159,3.14159,3.14159,3.14159
104.621,104.476,102.836,121.329,98.4613,97.8921
0,351.754,180,0,0,57.9011
75.3791,75.5239,77.1644,121.329,81.5387,82.1079
180,188.246,180,180,0,122.099
6
2.40924e-08,2.43219e-08,2.73333e-08,2.72111e-08,4.04475e-08,4.38736e-08
-85.1848,-95.2672,-96.2811,-96.2421,-99.6851,-100.391
0,3.14159,3.14159,3.14159,3.14159,3.14159
104.421,104.282,102.68,120.964,98.5308,97.8602
0,351.87,180,0,0,57.5288
75.5792,75.7182,77.3196,120.964,81.4692,82.1398
180,188.13,180,180,0,122.471
6
2.44154e-08,2.46419e-08,2.76586e-08,2.74975e-08,4.01179e-08,4.40517e-08
-85.3005,-95.3807,-96.3838,-96.3331,-99.614,-100.426
0,3.14159,3.14159,3.14159,3.14159,3.14159
104.226,104.092,102.529,120.606,98.6014,97.8282
0,351.983,180,0,0,57.1596
75.774,75.9075,77.4712,120.606,81.3986,82.1718
180,188.017,180,180,0,122.84
6
2.47386e-08,2.49622e-08,2.79841e-08,2.77849e-08,3.97883e-08,4.42317e-08
-85.4147,-95.4929,-96.4855,-96.4234,-99.5423,-100.462
0,3.14159,3.14159,3.14159,3.14159,3.14159
104.036,103.908,102.381,120.256,98.6732,97.7962
0,352.093,180,0,0,56.7934
75.9638,76.092,77.6192,120.256,81.3268,82.2038
180,187.907,180,180,0,123.207
6
2.50621e-08,2.52828e-08,2.83098e-08,2.80733e-08,3.94588e-08,4.44135e-08
-85.5276,-95.6037,-96.586,-96.5131,-99.4701,-100.498
0,3.14159,3.14159,3.14159,3.14159,3.14159
103.851,103.728,102.236,119.914,98.7462,97.7641
0,352.2,180,0,0,56.4303
76.1486,76.2719,77.7639,119.914,81.2538,82.2359
180,187.8,180,180,0,123.57
6
2.53859e-08,2.56038e-08,2.86356e-08,2.83627e-08,3.91294e-08,4.4597e-08
-85.6391,-95.7133,-96.6854,-96.6022,-99.3973,-100.533
0,3.14159,3.14159,3.14159,3.14159,3.14159
103.671,103.553,102.095,119.578,98.8204,97.7319
0,352.304,180,0,0,56.0702
76.3287,76.4473,77.9052,119.578,81.1796,82.2681
180,187.696,180,180,0,123.93
6
2.57099e-08,2.59251e-08,2.89617e-08,2.86531e-08,3.88001e-08,4.47822e-08
-85.7492,-95.8216,-96.7837,-96.6907,-99.3239,-100.569
0,3.14159,3.14159,3.14159,3.14159,3.14159
103.496,103.382,101.957,119.249,98.8959,97.6997
0,352.405,180,0,0,55.7131
76.5043,76.6184,78.0434,119.249,81.1041,82.3003
180,187.595,180,180,0,124.287
6
2.57121e-08,2.59701e-08,2.89636e-08,2.8655e-08,3.88015e-08,4.45097e-08
-85.75,-95.8367,-96.7843,-96.6912,-99.3242,-100.516
0,3.14159,3.14159,3.14159,3.14159,3.14159
103.495,103.358,101.956,119.247,98.8955,97.7472
0.763898,351.656,179.326,0.763898,0.498212,55.4692
76.5054,76.642,78.0442,119.247,81.1045,82.2528
180.764,188.344,180.674,180.764,359.502,124.531
6
2.57186e-08,2.60192e-08,2.89693e-08,2.86609e-08,3.88058e-08,4.4238e-08
-85.7522,-95.8531,-96.786,-96.693,-99.3252,-100.463
0,3.14159,3.14159,3.14159,3.14159,3.14159
103.491,103.332,101.953,119.24,98.8945,97.7951
1.52753,350.91,178.652,1.52753,0.996348,55.2222
76.5089,76.6677,78.0466,119.24,81.1055,82.2049
181.528,189.09,181.348,181.528,359.004,124.778
6
2.57294e-08,2.60725e-08,2.89789e-08,2.86705e-08,3.88129e-08,4.39672e-08
-85.7558,-95.8709,-96.7889,-96.6959,-99.3268,-100.41
0,3.14159,3.14159,3.14159,3.14159,3.14159
103.485,103.305,101.949,119.229,98.8929,97.8434
2.29061,350.166,177.979,2.29061,1.49433,54.9721
76.5147,76.6954,78.0506,119.229,81.1071,82.1566
182.291,189.834,182.021,182.291,358.506,125.028
6
2.57445e-08,2.613e-08,2.89923e-08,2.86841e-08,3.8823e-08,4.36972e-08
-85.7609,-95.89,-96.7929,-96.7,-99.329,-100.356
0,3.14159,3.14159,3.14159,3.14159,3.14159
103.477,103.275,101.944,119.214,98.8906,97.8921
3.05288,349.426,177.306,3.05288,1.99209,54.7188
76.5227,76.7252,78.0563,119.214,81.1094,82.1079
183.053,190.574,182.694,183.053,358.008,125.281
6
2.57639e-08,2.61916e-08,2.90096e-08,2.87015e-08,3.88358e-08,4.34281e-08
-85.7674,-95.9105,-96.7981,-96.7053,-99.3319,-100.303
0,3.14159,3.14159,3.14159,3.14159,3.14159
103.467,103.243,101.937,119.195,98.8876,97.9414
3.81407,348.69,176.634,3.81407,2.48955,54.4623
76.5331,76.757,78.0635,119.195,81.1124,82.0586
183.814,191.31,183.366,183.814,357.51,125.538
6
2.57876e-08,2.62573e-08,2.90306e-08,2.87228e-08,3.88516e-08,4.31599e-08
-85.7754,-95.9322,-96.8044,-96.7118,-99.3354,-100.249
0,3.14159,3.14159,3.14159,3.14159,3.14159
103.454,103.209,101.928,119.171,98.884,97.991
4.57392,347.957,175.962,4.57392,2.98664,54.2026
76.5457,76.7907,78.0722,119.171,81.116,82.009
184.574,192.043,184.038,184.574,357.013,125.797
6
2.58156e-08,2.6327e-08,2.90555e-08,2.87479e-08,3.88702e-08,4.28926e-08
-85.7849,-95.9553,-96.8118,-96.7194,-99.3395,-100.195
0,3.14159,3.14159,3.14159,3.14159,3.14159
103.439,103.174,101.917,119.143,98.8797,98.0411
5.33216,347.229,175.292,5.33216,3.48327,53.9396
76.5605,76.8264,78.0826,119.143,81.1203,81.9589
185.332,192.771,184.708,185.332,356.517,126.06
6
2.58478e-08,2.64008e-08,2.90842e-08,2.87769e-08,3.88916e-08,4.26263e-08
-85.7957,-95.9796,-96.8204,-96.7281,-99.3443,-100.141
0,3.14159,3.14159,3.14159,3.14159,3.14159
103.422,103.136,101.905,119.111,98.8748,98.0917
6.08853,346.504,174.623,6.08853,3.97938,53.6732
76.5776,76.8638,78.0945,119.111,81.1252,81.9083
186.089,193.496,185.377,186.089,356.021,126.327
6
2.58844e-08,2.64785e-08,2.91166e-08,2.88097e-08,3.89159e-08,4.23609e-08
-85.808,-96.0051,-96.83,-96.738,-99.3498,-100.087
0,3.14159,3.14159,3.14159,3.14159,3.14159
103.403,103.097,101.892,119.075,98.8692,98.1428
6.84277,345.784,173.956,6.84277,4.4749,53.4034
76.5969,76.9031,78.108,119.075,81.1308,81.8572
186.843,194.216,186.044,186.843,355.525,126.597
6
2.59251e-08,2.65602e-08,2.91529e-08,2.88463e-08,3.8943e-08,4.20965e-08
-85.8216,-96.0319,-96.8408,-96.749,-99.3558,-100.032
0,3.14159,3.14159,3.14159,3.14159,3.14159
103.382,103.056,101.877,119.034,98.8629,98.1943
7.59464,345.069,173.29,7.59464,4.96974,53.1301
76.6184,76.9441,78.123,119.034,81.1371,81.8057
187.595,194.931,186.71,187.595,355.03,126.87
6
2.59701e-08,2.66458e-08,2.91928e-08,2.88868e-08,3.89729e-08,4.1833e-08
-85.8367,-96.0598,-96.8528,-96.7612,-99.3625,-99.9776
0,3.14159,3.14159,3.14159,3.14159,3.14159
103.358,103.013,101.861,118.99,98.8561,98.2462
8.34389,344.358,172.626,8.34389,5.46384,52.8533
76.642,76.9868,78.1395,118.99,81.1439,81.7538
188.344,195.642,187.374,188.344,354.536,127.147
6
2.60192e-08,2.67353e-08,2.92366e-08,2.8931e-08,3.90057e-08,4.15706e-08
-85.8531,-96.0889,-96.8658,-96.7745,-99.3698,-99.9229
0,3.14159,3.14159,3.14159,3.14159,3.14159
103.332,102.969,101.843,118.941,98.8486,98.2987
9.09028,343.652,171.964,9.09028,5.95713,52.5729
76.6677,77.0311,78.1575,118.941,81.1514,81.7013
189.09,196.348,188.036,189.09,354.043,127.427
6
2.60725e-08,2.68287e-08,2.9284e-08,2.89789e-08,3.90413e-08,4.13091e-08
-85.8709,-96.1192,-96.8798,-96.7889,-99.3777,-99.8681
0,3.14159,3.14159,3.14159,3.14159,3.14159
103.305,102.923,101.823,118.889,98.8404,98.3515
9.83356,342.951,171.304,9.83356,6.44953,52.289
76.6954,77.077,78.177,118.889,81.1596,81.6485
189.834,197.049,188.696,189.834,353.55,127.711
6
2.613e-08,2.69258e-08,2.93352e-08,2.90306e-08,3.90797e-08,4.10488e-08
-85.89,-96.1506,-96.895,-96.8044,-99.3862,-99.8132
0,3.14159,3.14159,3.14159,3.14159,3.14159
103.275,102.876,101.802,118.832,98.8317,98.4049
10.5735,342.255,170.647,10.5735,6.94098,52.0013
76.7252,77.1244,78.1979,118.832,81.1683,81.5951
190.574,197.745,189.353,190.574,353.059,127.999
6
2.61916e-08,2.70267e-08,2.93901e-08,2.90861e-08,3.91209e-08,4.07894e-08
-85.9105,-96.1831,-96.9112,-96.8209,-99.3954,-99.7582
0,3.14159,3.14159,3.14159,3.14159,3.14159
103.243,102.827,101.78,118.772,98.8223,98.4587
11.3099,341.565,169.992,11.3099,7.43141,51.7098
76.757,77.1733,78.2202,118.772,81.1777,81.5413
191.31,198.435,190.008,191.31,352.569,128.29
6
2.62573e-08,2.71314e-08,2.94486e-08,2.91452e-08,3.91649e-08,4.05312e-08
-85.9322,-96.2167,-96.9285,-96.8386,-99.4052,-99.703
0,3.14159,3.14159,3.14159,3.14159,3.14159
103.209,102.776,101.756,118.708,98.8123,98.513
12.0426,340.88,169.34,12.0426,7.92074,51.4146
76.7907,77.2236,78.244,118.708,81.1877,81.487
192.043,199.12,190.66,192.043,352.079,128.585
6
2.6327e-08,2.72397e-08,2.95108e-08,2.92081e-08,3.92117e-08,4.02741e-08
-85.9553,-96.2513,-96.9468,-96.8573,-99.4155,-99.6477
0,3.14159,3.14159,3.14159,3.14159,3.14159
103.174,102.725,101.731,118.641,98.8017,98.5678
12.7712,340.201,168.69,12.7712,8.40891,51.1155
76.8264,77.2753,78.2691,118.641,81.1983,81.4322
192.771,199.799,191.31,192.771,351.591,128.884
6
2.64008e-08,2.73516e-08,2.95766e-08,2.92746e-08,3.92612e-08,4.00181e-08
-85.9796,-96.2869,-96.9662,-96.877,-99.4265,-99.5923
0,3.14159,3.14159,3.14159,3.14159,3.14159
103.136,102.672,101.704,118.57,98.7905,98.623
13.4957,339.528,168.043,13.4957,8.89586,50.8125
76.8638,77.3282,78.2956,118.57,81.2095,81.377
193.496,200.472,191.957,193.496,351.104,129.188
6
2.64785e-08,2.74672e-08,2.96461e-08,2.93447e-08,3.93136e-08,3.97632e-08
-86.0051,-96.3235,-96.9866,-96.8978,-99.4381,-99.5368
0,3.14159,3.14159,3.14159,3.14159,3.14159
103.097,102.618,101.677,118.495,98.7787,98.6787
14.2159,338.86,167.4,14.2159,9.38151,50.5055
76.9031,77.3824,78.3234,118.495,81.2213,81.3213
194.216,201.14,192.6,194.216,350.618,129.495
6
2.65602e-08,2.75862e-08,2.97191e-08,2.94184e-08,3.93686e-08,3.95095e-08
-86.0319,-96.3611,-97.0079,-96.9196,-99.4502,-99.4813
0,3.14159,3.14159,3.14159,3.14159,3.14159
103.056,102.562,101.648,118.417,98.7664,98.7349
14.9314,338.199,166.759,14.9314,9.86581,50.1944
76.9441,77.4378,78.3525,118.417,81.2336,81.2651
194.931,201.801,193.241,194.931,350.134,129.806
6
2.66458e-08,2.77088e-08,2.97956e-08,2.94958e-08,3.94264e-08,3.9257e-08
-86.0598,-96.3996,-97.0303,-96.9424,-99.463,-99.4256
0,3.14159,3.14159,3.14159,3.14159,3.14159
103.013,102.506,101.617,118.336,98.7534,98.7915
15.6422,337.543,166.122,15.6422,10.3487,49.8793
76.9868,77.4942,78.3828,118.336,81.2466,81.2085
195.642,202.457,193.878,195.642,349.651,130.121
6
2.67353e-08,2.78348e-08,2.98757e-08,2.95766e-08,3.9487e-08,3.90057e-08
-86.0889,-96.439,-97.0536,-96.9662,-99.4763,-99.3698
0,3.14159,3.14159,3.14159,3.14159,3.14159
102.969,102.448,101.586,118.252,98.7399,98.8486
16.3482,336.894,165.489,16.3482,10.8301,49.56
77.0311,77.5518,78.4144,118.252,81.2601,81.1514
196.348,203.106,194.511,196.348,349.17,130.44
6
2.68287e-08,2.79643e-08,2.99592e-08,2.9661e-08,3.95502e-08,3.87556e-08
-86.1192,-96.4793,-97.0778,-96.991,-99.4902,-99.3139
0,3.14159,3.14159,3.14159,3.14159,3.14159
102.923,102.39,101.553,118.164,98.7258,98.9061
17.049,336.251,164.859,17.049,11.3099,49.2364
77.077,77.6103,78.4471,118.164,81.2742,81.0939
197.049,203.749,195.141,197.049,348.69,130.764
6
2.69258e-08,2.80971e-08,3.00463e-08,2.97489e-08,3.96162e-08,3.85069e-08
-86.1506,-96.5204,-97.103,-97.0167,-99.5047,-99.258
0,3.14159,3.14159,3.14159,3.14159,3.14159
102.876,102.33,101.519,118.074,98.7111,98.9641
17.7447,335.614,164.233,17.7447,11.7882,48.9085
77.1244,77.6698,78.481,118.074,81.2889,81.0359
197.745,204.386,195.767,197.745,348.212,131.091
6
2.70267e-08,2.82332e-08,3.01367e-08,2.98403e-08,3.96849e-08,3.82593e-08
-86.1831,-96.5624,-97.1291,-97.0433,-99.5197,-99.202
0,3.14159,3.14159,3.14159,3.14159,3.14159
102.827,102.27,101.484,117.98,98.696,99.0226
18.4349,334.983,163.61,18.4349,12.2648,48.5763
77.1733,77.7302,78.5161,117.98,81.304,80.9774
198.435,205.017,196.39,198.435,347.735,131.424
6
2.71314e-08,2.83725e-08,3.02306e-08,2.99351e-08,3.97562e-08,3.80132e-08
-86.2167,-96.6052,-97.1562,-97.0708,-99.5353,-99.1459
0,3.14159,3.14159,3.14159,3.14159,3.14159
102.776,102.209,101.448,117.884,98.6802,99.0815
19.1197,334.359,162.992,19.1197,12.7396,48.2397
77.2236,77.7914,78.5522,117.884,81.3198,80.9185
199.12,205.641,197.008,199.12,347.26,131.76
6
2.72397e-08,2.85151e-08,3.03278e-08,3.00333e-08,3.98302e-08,3.77683e-08
-86.2513,-96.6487,-97.1841,-97.0993,-99.5515,-99.0898
0,3.14159,3.14159,3.14159,3.14159,3.14159
102.725,102.147,101.411,117.785,98.664,99.1409
19.7989,333.741,162.378,19.7989,13.2127,47.8986
77.2753,77.8533,78.5894,117.785,81.336,80.8591
199.799,206.259,197.622,199.799,346.787,132.101
6
2.73516e-08,2.86609e-08,3.04284e-08,3.01349e-08,3.99068e-08,3.75248e-08
-86.2869,-96.693,-97.2128,-97.1286,-99.5682,-99.0336
0,3.14159,3.14159,3.14159,3.14159,3.14159
102.672,102.084,101.372,117.683,98.6472,99.2008
20.4723,333.13,161.768,20.4723,13.684,47.5529
77.3282,77.916,78.6277,117.683,81.3528,80.7992
200.472,206.87,198.232,200.472,346.316,132.447
6
2.74672e-08,2.88097e-08,3.05323e-08,3.02398e-08,3.99861e-08,3.72827e-08
-86.3235,-96.738,-97.2424,-97.1588,-99.5854,-98.9774
0,3.14159,3.14159,3.14159,3.14159,3.14159
102.618,102.021,101.333,117.579,98.6299,99.261
21.1398,332.526,161.162,21.1398,14.1534,47.2026
77.3824,77.9794,78.6669,117.579,81.3701,80.739
201.14,207.474,198.838,201.14,345.847,132.797
6
2.75862e-08,2.89617e-08,3.06395e-08,3.0348e-08,4.0068e-08,3.7042e-08
-86.3611,-96.7837,-97.2729,-97.1898,-99.6032,-98.9211
0,3.14159,3.14159,3.14159,3.14159,3.14159
102.562,101.957,101.293,117.472,98.6122,99.3217
21.8014,331.928,160.56,21.8014,14.6209,46.8476
77.4378,78.0434,78.707,117.472,81.3878,80.6783
201.801,208.072,199.44,201.801,345.379,133.152
6
2.77088e-08,2.91166e-08,3.07499e-08,3.04594e-08,4.01525e-08,3.68028e-08
-86.3996,-96.83,-97.3041,-97.2217,-99.6215,-98.8648
0,3.14159,3.14159,3.14159,3.14159,3.14159
102.506,101.892,101.252,117.363,98.5939,99.3829
22.4569,331.336,159.963,22.4569,15.0864,46.4879
77.4942,78.108,78.7481,117.363,81.4061,80.6171
202.457,208.664,200.037,202.457,344.914,133.512
6
2.78348e-08,2.92746e-08,3.08635e-08,3.05741e-08,4.02396e-08,3.6565e-08
-86.439,-96.877,-97.3361,-97.2543,-99.6403,-98.8085
0,3.14159,3.14159,3.14159,3.14159,3.14159
102.448,101.827,101.21,117.252,98.5752,99.4445
23.1063,330.751,159.37,23.1063,15.5498,46.1233
77.5518,78.1731,78.7901,117.252,81.4248,80.5555
203.106,209.249,200.63,203.106,344.45,133.877
6
2.79643e-08,2.94354e-08,3.09803e-08,3.0692e-08,4.03292e-08,3.63287e-08
-86.4793,-96.9246,-97.3689,-97.2877,-99.6596,-98.7522
0,3.14159,3.14159,3.14159,3.14159,3.14159
102.39,101.761,101.167,117.139,98.556,99.5064
23.7495,330.173,158.782,23.7495,16.0112,45.7538
77.6103,78.2386,78.8329,117.139,81.444,80.4936
203.749,209.827,201.218,203.749,343.989,134.246
6
2.80971e-08,2.95992e-08,3.11002e-08,3.08131e-08,4.04214e-08,3.6094e-08
-86.5204,-96.9728,-97.4025,-97.3219,-99.6794,-98.6959
0,3.14159,3.14159,3.14159,3.14159,3.14159
102.33,101.695,101.124,117.023,98.5363,99.5688
24.3864,329.601,158.199,24.3864,16.4704,45.3794
77.6698,78.3046,78.8765,117.023,81.4637,80.4312
204.386,210.399,201.801,204.386,343.53,134.621
6
2.82332e-08,2.97658e-08,3.12232e-08,3.09372e-08,4.05161e-08,3.58608e-08
-86.5624,-97.0216,-97.4368,-97.3568,-99.6998,-98.6396
0,3.14159,3.14159,3.14159,3.14159,3.14159
102.27,101.629,101.079,116.906,98.5162,99.6317
25.0169,329.036,157.62,25.0169,16.9275,45
77.7302,78.371,78.9209,116.906,81.4838,80.3683
205.017,210.964,202.38,205.017,343.072,135
5
2.83725e-08,2.99351e-08,3.13493e-08,3.10644e-08,4.06134e-08
-86.6052,-97.0708,-97.4718,-97.3925,-99.7206
0,3.14159,3.14159,3.14159,3.14159
102.209,101.562,101.034,116.787,98.4957
25.641,328.478,157.046,25.641,17.3824
77.7914,78.4377,78.966,116.787,81.5043
205.641,211.522,202.954,205.641,342.618
5
2.85151e-08,3.01072e-08,3.14784e-08,3.11947e-08,4.07131e-08
-86.6487,-97.1206,-97.5075,-97.4288,-99.7419
0,3.14159,3.14159,3.14159,3.14159
102.147,101.495,100.988,116.666,98.4747
26.2587,327.926,156.477,26.2587,17.835
77.8533,78.5047,79.0118,116.666,81.5253
206.259,212.074,203.523,206.259,342.165
5
2.86609e-08,3.0282e-08,3.16105e-08,3.1328e-08,4.08153e-08
-86.693,-97.1709,-97.5438,-97.4659,-99.7637
0,3.14159,3.14159,3.14159,3.14159
102.084,101.428,100.942,116.544,98.4533
26.8698,327.381,155.913,26.8698,18.2854
77.916,78.5719,79.0583,116.544,81.5467
206.87,212.619,204.087,206.87,341.715
5
2.88097e-08,3.04594e-08,3.17455e-08,3.14643e-08,4.092e-08
-86.738,-97.2217,-97.5809,-97.5036,-99.7859
0,3.14159,3.14159,3.14159,3.14159
102.021,101.361,100.895,116.42,98.4315
27.4744,326.842,155.353,27.4744,18.7334
77.9794,78.6394,79.1054,116.42,81.5685
207.474,213.158,204.647,207.474,341.267
5
2.89617e-08,3.06395e-08,3.18835e-08,3.16034e-08,4.10271e-08
-86.7837,-97.2729,-97.6185,-97.5419,-99.8086
0,3.14159,3.14159,3.14159,3.14159
101.957,101.293,100.847,116.295,98.4094
28.0725,326.31,154.799,28.0725,19.179
78.0434,78.707,79.1531,116.295,81.5906
208.072,213.69,205.201,208.072,340.821
5
2.91166e-08,3.08221e-08,3.20243e-08,3.17455e-08,4.11366e-08
-86.83,-97.3245,-97.6568,-97.5809,-99.8318
0,3.14159,3.14159,3.14159,3.14159
101.892,101.225,100.799,116.168,98.3868
28.664,325.784,154.25,28.664,19.6223
78.108,78.7748,79.2014,116.168,81.6132
208.664,214.216,205.75,208.664,340.378
5
2.92746e-08,3.10072e-08,3.2168e-08,3.18904e-08,4.12486e-08
-86.877,-97.3765,-97.6957,-97.6204,-99.8554
0,3.14159,3.14159,3.14159,3.14159
101.827,101.157,100.75,116.04,98.3639
29.2488,325.265,153.705,29.2488,20.0631
78.1731,78.8427,79.2502,116.04,81.6361
209.249,214.735,206.295,209.249,339.937
5
2.94354e-08,3.11947e-08,3.23144e-08,3.20382e-08,4.13629e-08
-86.9246,-97.4288,-97.7352,-97.6606,-99.8794
0,3.14159,3.14159,3.14159,3.14159
101.761,101.089,100.701,115.911,98.3406
29.8271,324.752,153.166,29.8271,20.5014
78.2386,78.9106,79.2995,115.911,81.6594
209.827,215.248,206.834,209.827,339.499
5
2.95992e-08,3.13847e-08,3.24637e-08,3.21887e-08,4.14796e-08
-86.9728,-97.4816,-97.7752,-97.7013,-99.9039
0,3.14159,3.14159,3.14159,3.14159
101.695,101.021,100.651,115.781,98.317
30.3987,324.246,152.632,30.3987,20.9373
78.3046,78.9786,79.3492,115.781,81.683
210.399,215.754,207.368,210.399,339.063
5
2.97658e-08,3.15771e-08,3.26156e-08,3.23419e-08,4.15986e-08
-87.0216,-97.5347,-97.8157,-97.7425,-99.9288
0,3.14159,3.14159,3.14159,3.14159
101.629,100.953,100.601,115.65,98.293
30.9638,323.746,152.103,30.9638,21.3706
78.371,79.0466,79.3994,115.65,81.707
210.964,216.254,207.897,210.964,338.629
5
2.99351e-08,3.17718e-08,3.27702e-08,3.24979e-08,4.172e-08
-87.0708,-97.588,-97.8568,-97.7843,-99.9541
0,3.14159,3.14159,3.14159,3.14159
101.562,100.886,100.55,115.518,98.2687
31.5222,323.253,151.579,31.5222,21.8014
78.4377,79.1145,79.45,115.518,81.7313
211.522,216.747,208.421,211.522,338.199
5
3.01072e-08,3.19687e-08,3.29275e-08,3.26565e-08,4.18436e-08
-87.1206,-97.6417,-97.8984,-97.8266,-99.9798
0,3.14159,3.14159,3.14159,3.14159
101.495,100.818,100.499,115.385,98.2441
32.074,322.765,151.06,32.074,22.2296
78.5047,79.1824,79.501,115.385,81.7559
212.074,217.235,208.94,212.074,337.77
5
3.0282e-08,3.2168e-08,3.30874e-08,3.28177e-08,4.19696e-08
-87.1709,-97.6957,-97.9405,-97.8694,-100.006
0,3.14159,3.14159,3.14159,3.14159
101.428,100.75,100.448,115.252,98.2192
32.6192,322.284,150.546,32.6192,22.6552
78.5719,79.2502,79.5523,115.252,81.7808
212.619,217.716,209.454,212.619,337.345
5
3.04594e-08,3.23694e-08,3.32499e-08,3.29815e-08,4.20978e-08
-87.2217,-97.7499,-97.983,-97.9126,-100.032
0,3.14159,3.14159,3.14159,3.14159
101.361,100.682,100.396,115.118,98.194
33.1579,321.809,150.038,33.1579,23.0782
78.6394,79.3179,79.6039,115.118,81.806
213.158,218.191,209.962,213.158,336.922
5
3.06395e-08,3.2573e-08,3.34149e-08,3.31478e-08,4.22282e-08
-87.2729,-97.8044,-98.026,-97.9563,-100.059
0,3.14159,3.14159,3.14159,3.14159
101.293,100.615,100.344,114.983,98.1685
33.6901,321.34,149.534,33.6901,23.4986
78.707,79.3854,79.6558,114.983,81.8315
213.69,218.66,210.466,213.69,336.501
5
3.08221e-08,3.27787e-08,3.35824e-08,3.33167e-08,4.23609e-08
-87.3245,-97.8591,-98.0695,-98.0005,-100.087
0,3.14159,3.14159,3.14159,3.14159
101.225,100.547,100.292,114.848,98.1428
34.2157,320.877,149.036,34.2157,23.9162
78.7748,79.4528,79.708,114.848,81.8572
214.216,219.123,210.964,214.216,336.084
5
3.10072e-08,3.29865e-08,3.37524e-08,3.3488e-08,4.24958e-08
-87.3765,-97.914,-98.1133,-98.045,-100.114
0,3.14159,3.14159,3.14159,3.14159
101.157,100.48,100.24,114.712,98.1167
34.7349,320.421,148.543,34.7349,24.3312
78.8427,79.52,79.7604,114.712,81.8833
214.735,219.579,211.457,214.735,335.669
5
3.11947e-08,3.31964e-08,3.39248e-08,3.36617e-08,4.26328e-08
-87.4288,-97.969,-98.1576,-98.0899,-100.142
0,3.14159,3.14159,3.14159,3.14159
101.089,100.413,100.187,114.576,98.0905
35.2476,319.97,148.055,35.2476,24.7435
78.9106,79.587,79.813,114.576,81.9095
215.248,220.03,211.945,215.248,335.256
5
3.13847e-08,3.34082e-08,3.40995e-08,3.38378e-08,4.2772e-08
-87.4816,-98.0243,-98.2022,-98.1353,-100.17
0,3.14159,3.14159,3.14159,3.14159
101.021,100.346,100.134,114.44,98.064
35.7539,319.525,147.572,35.7539,25.1531
78.9786,79.6538,79.8657,114.44,81.936
215.754,220.475,212.428,215.754,334.847
5
3.15771e-08,3.36221e-08,3.42767e-08,3.40163e-08,4.29133e-08
-87.5347,-98.0797,-98.2472,-98.181,-100.199
0,3.14159,3.14159,3.14159,3.14159
100.953,100.28,100.081,114.303,98.0372
36.2538,319.086,147.095,36.2538,25.56
79.0466,79.7203,79.9186,114.303,81.9628
216.254,220.914,212.905,216.254,334.44
5
3.17718e-08,3.38378e-08,3.44561e-08,3.41971e-08,4.30568e-08
-87.588,-98.1353,-98.2925,-98.227,-100.228
0,3.14159,3.14159,3.14159,3.14159
100.886,100.213,100.028,114.167,98.0103
36.7475,318.652,146.622,36.7475,25.9641
79.1145,79.7865,79.9717,114.167,81.9897
216.747,221.348,213.378,216.747,334.036
5
3.19687e-08,3.40555e-08,3.46378e-08,3.43802e-08,4.32024e-08
-87.6417,-98.191,-98.3382,-98.2734,-100.257
0,3.14159,3.14159,3.14159,3.14159
100.818,100.148,99.9752,114.03,97.9831
37.2348,318.225,146.155,37.2348,26.3654
79.1824,79.8525,80.0248,114.03,82.0169
217.235,221.775,213.845,217.235,333.635
5
3.2168e-08,3.4275e-08,3.48218e-08,3.45656e-08,4.335e-08
-87.6957,-98.2468,-98.3842,-98.3201,-100.287
0,3.14159,3.14159,3.14159,3.14159
100.75,100.082,99.9219,113.893,97.9558
37.716,317.802,145.692,37.716,26.764
79.2502,79.9182,80.0781,113.893,82.0442
217.716,222.198,214.308,217.716,333.236
5
3.23694e-08,3.44964e-08,3.50079e-08,3.47531e-08,4.34997e-08
-87.7499,-98.3027,-98.4306,-98.3671,-100.317
0,3.14159,3.14159,3.14159,3.14159
100.682,100.016,99.8686,113.756,97.9282
38.1909,317.386,145.235,38.1909,27.1598
79.3179,79.9835,80.1314,113.756,82.0718
218.191,222.614,214.765,218.191,332.84
5
3.2573e-08,3.47195e-08,3.51963e-08,3.49428e-08,4.36514e-08
-87.8044,-98.3587,-98.4772,-98.4144,-100.347
0,3.14159,3.14159,3.14159,3.14159
100.615,99.9514,99.8153,113.619,97.9005
38.6598,316.975,144.782,38.6598,27.5528
79.3854,80.0486,80.1847,113.619,82.0995
218.66,223.025,215.218,218.66,332.447
5
3.27787e-08,3.49444e-08,3.53868e-08,3.51347e-08,4.38051e-08
-87.8591,-98.4148,-98.524,-98.4619,-100.378
0,3.14159,3.14159,3.14159,3.14159
100.547,99.8868,99.7619,113.482,97.8726
39.1226,316.569,144.335,39.1226,27.943
79.4528,80.1132,80.2381,113.482,82.1274
219.123,223.431,215.665,219.123,332.057
5
3.29865e-08,3.5171e-08,3.55793e-08,3.53286e-08,4.39608e-08
-87.914,-98.4709,-98.5712,-98.5098,-100.409
0,3.14159,3.14159,3.14159,3.14159
100.48,99.8224,99.7086,113.346,97.8445
39.5794,316.169,143.893,39.5794,28.3305
79.52,80.1776,80.2914,113.346,82.1555
219.579,223.831,216.107,219.579,331.67
5
3.31964e-08,3.53993e-08,3.5774e-08,3.55246e-08,4.41185e-08
-87.969,-98.5271,-98.6186,-98.5578,-100.44
0,3.14159,3.14159,3.14159,3.14159
100.413,99.7584,99.6553,113.209,97.8163
40.0303,315.774,143.455,40.0303,28.7151
79.587,80.2416,80.3447,113.209,82.1837
220.03,224.226,216.545,220.03,331.285
5
3.34082e-08,3.56293e-08,3.59707e-08,3.57227e-08,4.42782e-08
-88.0243,-98.5834,-98.6662,-98.6061,-100.471
0,3.14159,3.14159,3.14159,3.14159
100.346,99.6949,99.602,113.073,97.7879
40.4752,315.385,143.022,40.4752,29.0969
79.6538,80.3051,80.398,113.073,82.2121
220.475,224.615,216.978,220.475,330.903
5
3.36221e-08,3.58608e-08,3.61694e-08,3.59228e-08,4.44397e-08
-88.0797,-98.6396,-98.714,-98.6546,-100.503
0,3.14159,3.14159,3.14159,3.14159
100.28,99.6317,99.5487,112.937,97.7594
40.9144,315,142.595,40.9144,29.4759
79.7203,80.3683,80.4513,112.937,82.2406
220.914,225,217.405,220.914,330.524
5
3.38378e-08,3.6094e-08,3.637e-08,3.61248e-08,4.46032e-08
-88.1353,-98.6959,-98.7621,-98.7033,-100.535
0,3.14159,3.14159,3.14159,3.14159
100.213,99.5688,99.4956,112.802,97.7308
41.3478,314.621,142.172,41.3478,29.8521
79.7865,80.4312,80.5044,112.802,82.2692
221.348,225.379,217.828,221.348,330.148
5
3.40555e-08,3.63287e-08,3.65726e-08,3.63287e-08,4.47685e-08
-88.191,-98.7522,-98.8103,-98.7522,-100.567
0,3.14159,3.14159,3.14159,3.14159
100.148,99.5064,99.4425,112.667,97.7021
41.7755,314.246,141.754,41.7755,30.2254
79.8525,80.4936,80.5575,112.667,82.2979
221.775,225.754,218.246,221.775,329.775
5
3.4275e-08,3.6565e-08,3.67771e-08,3.65346e-08,4.49358e-08
-88.2468,-98.8085,-98.8588,-98.8013,-100.599
0,3.14159,3.14159,3.14159,3.14159
100.082,99.4445,99.3895,112.532,97.6733
42.1975,313.877,141.34,42.1975,30.596
79.9182,80.5555,80.6105,112.532,82.3267
222.198,226.123,218.66,222.198,329.404
5
3.44964e-08,3.68028e-08,3.69835e-08,3.67423e-08,4.51048e-08
-88.3027,-98.8648,-98.9074,-98.8506,-100.632
0,3.14159,3.14159,3.14159,3.14159
100.016,99.3829,99.3366,112.398,97.6443
42.6141,313.512,140.932,42.6141,30.9638
79.9835,80.6171,80.6634,112.398,82.3557
222.614,226.488,219.068,222.614,329.036
5
3.47195e-08,3.7042e-08,3.71917e-08,3.69519e-08,4.52757e-08
-88.3587,-98.9211,-98.9561,-98.9,-100.665
0,3.14159,3.14159,3.14159,3.14159
99.9514,99.3217,99.2839,112.264,97.6153
43.0251,313.152,140.528,43.0251,31.3287
80.0486,80.6783,80.7161,112.264,82.3847
223.025,226.848,219.472,223.025,328.671
5
3.49444e-08,3.72827e-08,3.74017e-08,3.71633e-08,4.54484e-08
-88.4148,-98.9774,-99.0051,-98.9495,-100.698
0,3.14159,3.14159,3.14159,3.14159
99.8868,99.261,99.2313,112.13,97.5862
43.4306,312.797,140.128,43.4306,31.6908
80.1132,80.739,80.7687,112.13,82.4138
223.431,227.203,219.872,223.431,328.309
4
3.5171e-08,3.75248e-08,3.73765e-08,4.56229e-08
-88.4709,-99.0336,-98.9992,-100.731
0,3.14159,3.14159,3.14159
99.8224,99.2008,111.998,97.557
43.8309,312.447,43.8309,32.0501
80.1776,80.7992,111.998,82.443
223.831,227.553,223.831,327.95
4
3.53993e-08,3.77683e-08,3.75914e-08,4.57991e-08
-88.5271,-99.0898,-99.049,-100.764
0,3.14159,3.14159,3.14159
99.7584,99.1409,111.865,97.5278
44.2258,312.101,44.2258,32.4067
80.2416,80.8591,111.865,82.4722
224.226,227.899,224.226,327.593
4
3.56293e-08,3.80132e-08,3.7808e-08,4.5977e-08
-88.5834,-99.1459,-99.0989,-100.798
0,3.14159,3.14159,3.14159
99.6949,99.0815,111.734,97.4985
44.6155,311.76,44.6155,32.7604
80.3051,80.9185,111.734,82.5015
224.615,228.24,224.615,327.24
2
3.82593e-08,4.61567e-08
-99.202,-100.832
3.14159,3.14159
99.0226,97.4691
311.424,33.1113
80.9774,82.5309
228.576,326.889
2
3.85069e-08,4.63381e-08
-99.258,-100.866
3.14159,3.14159
98.9641,97.4397
311.091,33.4595
81.0359,82.5603
228.909,326.54
2
3.87556e-08,4.65212e-08
-99.3139,-100.9
3.14159,3.14159
98.9061,97.4103
310.764,33.8049
81.0939,82.5897
229.236,326.195
2
3.90057e-08,4.67059e-08
-99.3698,-100.935
3.14159,3.14159
98.8486,97.3808
310.44,34.1475
81.1514,82.6192
229.56,325.852
1
4.68923e-08
-100.969
3.14159
97.3513
34.4874
82.6487
325.513
1
4.70803e-08
-101.004
3.14159
97.3218
34.8245
82.6782
325.176
1
4.72699e-08
-101.039
3.14159
97.2923
35.1589
82.7077
324.841
1
4.74611e-08
-101.074
3.14159
97.2627
35.4905
82.7373
324.509
1
4.76538e-08
-101.109
3.14159
97.2332
35.8195
82.7668
324.181
1
4.78481e-08
-101.145
3.14159
97.2037
36.1457
82.7963
323.854
1
4.8044e-08
-101.18
3.14159
97.1742
36.4692
82.8258
323.531
1
4.82413e-08
-101.216
3.14159
97.1447
36.7901
82.8553
323.21
1
4.84401e-08
-101.251
3.14159
97.1152
37.1083
82.8848
322.892
1
4.86404e-08
-101.287
3.14159
97.0857
37.4238
82.9143
322.576
1
4.88421e-08
-101.323
3.14159
97.0563
37.7368
82.9437
322.263
1
4.90453e-08
-101.359
3.14159
97.0269
38.047
82.9731
321.953
1
4.92499e-08
-101.395
3.14159
96.9976
38.3547
83.0024
321.645
1
4.94559e-08
-101.432
3.14159
96.9683
38.6598
83.0317
321.34
1
4.96633e-08
-101.468
3.14159
96.9391
38.9623
83.0609
321.038
1
4.98721e-08
-101.504
3.14159
96.9099
39.2623
83.0901
320.738
1
5.00822e-08
-101.541
3.14159
96.8807
39.5597
83.1193
320.44
1
5.02936e-08
-101.577
3.14159
96.8517
39.8545
83.1483
320.145
1
5.05063e-08
-101.614
3.14159
96.8227
40.1469
83.1773
319.853
1
5.07204e-08
-101.651
3.14159
96.7938
40.4368
83.2062
319.563
1
5.09357e-08
-101.688
3.14159
96.7649
40.7242
83.2351
319.276
1
5.11523e-08
-101.725
3.14159
96.7361
41.0091
83.2639
318.991
1
5.13701e-08
-101.761
3.14159
96.7074
41.2916
83.2926
318.708
1
5.15892e-08
-101.798
3.14159
96.6788
41.5716
83.3212
318.428
1
5.18095e-08
-101.835
3.14159
96.6503
41.8493
83.3497
318.151
1
5.2031e-08
-101.872
3.14159
96.6218
42.1245
83.3782
317.875
1
5.22537e-08
-101.91
3.14159
96.5935
42.3974
83.4065
317.603
1
5.24775e-08
-101.947
3.14159
96.5653
42.668
83.4347
317.332
1
5.27025e-08
-101.984
3.14159
96.5371
42.9362
83.4629
317.064
1
5.29287e-08
-102.021
3.14159
96.509
43.2021
83.491
316.798
1
5.3156e-08
-102.058
3.14159
96.4811
43.4657
83.5189
316.534
1
5.33844e-08
-102.096
3.14159
96.4533
43.727
83.5467
316.273
1
5.36138e-08
-102.133
3.14159
96.4255
43.986
83.5745
316.014
1
5.38444e-08
-102.17
3.14159
96.3979
44.2428
83.6021
315.757
1
5.40761e-08
-102.207
3.14159
96.3704
44.4974
83.6296
315.503
1
5.43088e-08
-102.245
3.14159
96.3429
44.7498
83.6571
315.25
0
0
0
0
0
0
0
0
0
0
0
0
0
0
0
0
0
0
0
0
0
0
0
0
0
0
0
0
0
